Derivative of v
0,14.6
0.01,7.6119
0.02,5.21651
0.03,3.92916
0.04,3.10623
0.05,2.52727
0.06,2.0942
0.07,1.75614
0.08,1.48385
0.09,1.25918
0.1,1.07027
0.11,0.908963
0.12,0.769485
0.13,0.647604
0.14,0.540143
0.15,0.444671
0.16,0.359288
0.17,0.282488
0.18,0.213059
0.19,0.150014
0.2,0.0925416
0.21,0.0399639
0.22,-0.00828608
0.23,-0.0526892
0.24,-0.093655
0.25,-0.131536
0.26,-0.166635
0.27,-0.199218
0.28,-0.229514
0.29,-0.257727
0.3,-0.284036
0.31,-0.308599
0.32,-0.331557
0.33,-0.353036
0.34,-0.373149
0.35,-0.391997
0.36,-0.409672
0.37,-0.426256
0.38,-0.441825
0.39,-0.456447
0.4,-0.470184
0.41,-0.483093
0.42,-0.495226
0.43,-0.506631
0.44,-0.517351
0.45,-0.527428
0.46,-0.536899
0.47,-0.545798
0.48,-0.554157
0.49,-0.562006
0.5,-0.569373
0.51,-0.576284
0.52,-0.582762
0.53,-0.58883
0.54,-0.594508
0.55,-0.599816
0.56,-0.604773
0.57,-0.609396
0.58,-0.6137
0.59,-0.617701
0.6,-0.621413
0.61,-0.62485
0.62,-0.628024
0.63,-0.630947
0.64,-0.63363
0.65,-0.636084
0.66,-0.638319
0.67,-0.640344
0.68,-0.642169
0.69,-0.643802
0.7,-0.645252
0.71,-0.646525
0.72,-0.647629
0.73,-0.648572
0.74,-0.649359
0.75,-0.649997
0.76,-0.650493
0.77,-0.650851
0.78,-0.651077
0.79,-0.651177
0.8,-0.651155
0.81,-0.651017
0.82,-0.650766
0.83,-0.650407
0.839999,-0.649944
0.849999,-0.649382
0.859999,-0.648723
0.869999,-0.647972
0.879999,-0.647132
0.889999,-0.646206
0.899999,-0.645198
0.909999,-0.644111
0.919999,-0.642947
0.929999,-0.64171
0.939999,-0.640402
0.949999,-0.639027
0.959999,-0.637585
0.969999,-0.636081
0.979999,-0.634516
0.989999,-0.632892
0.999999,-0.631212
1.01,-0.629477
1.02,-0.627691
1.03,-0.625854
1.04,-0.623969
1.05,-0.622037
1.06,-0.620061
1.07,-0.618041
1.08,-0.61598
1.09,-0.613879
1.1,-0.61174
1.11,-0.609564
1.12,-0.607353
1.13,-0.605107
1.14,-0.602829
1.15,-0.60052
1.16,-0.59818
1.17,-0.595811
1.18,-0.593415
1.19,-0.590992
1.2,-0.588544
1.21,-0.586072
1.22,-0.583576
1.23,-0.581058
1.24,-0.578518
1.25,-0.575958
1.26,-0.573379
1.27,-0.570782
1.28,-0.568166
1.29,-0.565534
1.3,-0.562887
1.31,-0.560223
1.32,-0.557546
1.33,-0.554855
1.34,-0.552152
1.35,-0.549436
1.36,-0.546709
1.37,-0.543971
1.38,-0.541223
1.39,-0.538466
1.4,-0.5357
1.41,-0.532926
1.42,-0.530144
1.43,-0.527356
1.44,-0.524561
1.45,-0.52176
1.46,-0.518954
1.47,-0.516143
1.48,-0.513328
1.49,-0.51051
1.5,-0.507688
1.51,-0.504864
1.52,-0.502037
1.53,-0.499208
1.54,-0.496378
1.55,-0.493547
1.56,-0.490716
1.57,-0.487884
1.58,-0.485053
1.59,-0.482222
1.6,-0.479393
1.61,-0.476564
1.62,-0.473738
1.63,-0.470914
1.64,-0.468092
1.65,-0.465273
1.66,-0.462457
1.67,-0.459645
1.68,-0.456836
1.69,-0.454031
1.7,-0.451231
1.71,-0.448435
1.72,-0.445645
1.73,-0.442859
1.74,-0.440079
1.75,-0.437305
1.76,-0.434536
1.77,-0.431774
1.78,-0.429018
1.79,-0.426269
1.8,-0.423527
1.81,-0.420792
1.82,-0.418064
1.83,-0.415344
1.84,-0.412631
1.85,-0.409926
1.86,-0.40723
1.87,-0.404542
1.88,-0.401862
1.89,-0.399191
1.9,-0.396528
1.91,-0.393875
1.92,-0.391231
1.93,-0.388596
1.94,-0.38597
1.95,-0.383354
1.96,-0.380748
1.97,-0.378151
1.98,-0.375564
1.99,-0.372988
2,-0.370422
2.01,-0.367866
2.02,-0.36532
2.03,-0.362785
2.04,-0.360261
2.05,-0.357747
2.06,-0.355245
2.07,-0.352753
2.08,-0.350272
2.09,-0.347802
2.1,-0.345344
2.11,-0.342896
2.12,-0.34046
2.13,-0.338036
2.14,-0.335623
2.15,-0.333221
2.16,-0.330831
2.17,-0.328453
2.18,-0.326086
2.19,-0.323732
2.2,-0.321389
2.21,-0.319057
2.22,-0.316738
2.23,-0.314431
2.24,-0.312136
2.25,-0.309852
2.26,-0.307581
2.27,-0.305322
2.28,-0.303075
2.29,-0.30084
2.3,-0.298617
2.31,-0.296407
2.32,-0.294208
2.33,-0.292022
2.34,-0.289848
2.35,-0.287686
2.36,-0.285537
2.37,-0.2834
2.38,-0.281275
2.39,-0.279162
2.4,-0.277061
2.41,-0.274973
2.42,-0.272897
2.43,-0.270834
2.44,-0.268782
2.45,-0.266743
2.46,-0.264717
2.47,-0.262702
2.48,-0.2607
2.49,-0.258709
2.5,-0.256731
2.51,-0.254766
2.52,-0.252812
2.53,-0.250871
2.54,-0.248941
2.55,-0.247024
2.56,-0.245119
2.57,-0.243226
2.58,-0.241345
2.59,-0.239476
2.6,-0.237619
2.61,-0.235774
2.62,-0.23394
2.63,-0.232119
2.64,-0.23031
2.65,-0.228512
2.66,-0.226727
2.67,-0.224953
2.68,-0.22319
2.69,-0.22144
2.7,-0.219701
2.71,-0.217974
2.72,-0.216258
2.73,-0.214554
2.74,-0.212861
2.75,-0.21118
2.76,-0.20951
2.77,-0.207852
2.78,-0.206205
2.79,-0.204569
2.8,-0.202945
2.81,-0.201331
2.82,-0.199729
2.83,-0.198138
2.84,-0.196559
2.85,-0.19499
2.86,-0.193432
2.87,-0.191885
2.88,-0.190349
2.89,-0.188824
2.9,-0.187309
2.91,-0.185805
2.92,-0.184312
2.93,-0.18283
2.94,-0.181358
2.95,-0.179897
2.96,-0.178446
2.97,-0.177006
2.98,-0.175576
2.99,-0.174156
3,-0.172747
3.01,-0.171348
3.02,-0.169959
3.03,-0.168581
3.04,-0.167212
3.05,-0.165853
3.06,-0.164505
3.07,-0.163166
3.08,-0.161837
3.09,-0.160518
3.1,-0.159208
3.11,-0.157909
3.12,-0.156619
3.13,-0.155339
3.14,-0.154068
3.15,-0.152806
3.16,-0.151554
3.17,-0.150312
3.18,-0.149079
3.19,-0.147855
3.2,-0.14664
3.21,-0.145435
3.22,-0.144238
3.23,-0.143051
3.24,-0.141872
3.25,-0.140703
3.26,-0.139542
3.27,-0.138391
3.28,-0.137248
3.29,-0.136114
3.3,-0.134988
3.31,-0.133871
3.32,-0.132763
3.33,-0.131663
3.34,-0.130572
3.35,-0.129489
3.36,-0.128414
3.37,-0.127348
3.38,-0.12629
3.39,-0.125241
3.4,-0.124199
3.41,-0.123165
3.42,-0.12214
3.43,-0.121122
3.44,-0.120113
3.45,-0.119111
3.46,-0.118117
3.47,-0.117131
3.48,-0.116153
3.49,-0.115182
3.5,-0.114219
3.51,-0.113264
3.52,-0.112316
3.53,-0.111375
3.54,-0.110442
3.55,-0.109517
3.56,-0.108598
3.57,-0.107687
3.58,-0.106783
3.59,-0.105887
3.6,-0.104997
3.61,-0.104115
3.62,-0.103239
3.63,-0.102371
3.64,-0.101509
3.65,-0.100654
3.66,-0.0998065
3.67,-0.0989654
3.68,-0.0981311
3.69,-0.0973034
3.7,-0.0964824
3.71,-0.095668
3.72,-0.0948601
3.73,-0.0940587
3.74,-0.0932638
3.75,-0.0924752
3.76,-0.0916931
3.77,-0.0909172
3.78,-0.0901476
3.79,-0.0893842
3.8,-0.088627
3.81,-0.087876
3.82,-0.087131
3.83,-0.0863921
3.84,-0.0856591
3.85,-0.0849321
3.86,-0.0842111
3.87,-0.0834959
3.88,-0.0827865
3.89,-0.0820829
3.9,-0.081385
3.91,-0.0806928
3.92,-0.0800063
3.93,-0.0793254
3.94,-0.0786501
3.95,-0.0779803
3.96,-0.0773159
3.97,-0.0766571
3.98,-0.0760036
3.99,-0.0753555
4,-0.0747127
4.01,-0.0740751
4.02,-0.0734429
4.03,-0.0728158
4.04,-0.0721939
4.05,-0.0715771
4.06,-0.0709654
4.07,-0.0703588
4.08,-0.0697571
4.09,-0.0691604
4.1,-0.0685687
4.11,-0.0679818
4.12,-0.0673998
4.13,-0.0668226
4.14,-0.0662502
4.15,-0.0656825
4.16,-0.0651196
4.17,-0.0645613
4.18,-0.0640076
4.19,-0.0634586
4.2,-0.0629141
4.21,-0.0623742
4.22,-0.0618387
4.23,-0.0613077
4.24,-0.0607811
4.25,-0.0602589
4.26,-0.059741
4.27,-0.0592275
4.28,-0.0587182
4.29,-0.0582132
4.3,-0.0577125
4.31,-0.0572159
4.32,-0.0567234
4.33,-0.0562351
4.34,-0.0557509
4.35,-0.0552707
4.36,-0.0547946
4.37001,-0.0543224
4.38001,-0.0538542
4.39001,-0.0533899
4.40001,-0.0529295
4.41001,-0.052473
4.42001,-0.0520203
4.43001,-0.0515715
4.44001,-0.0511264
4.45001,-0.050685
4.46001,-0.0502474
4.47001,-0.0498134
4.48001,-0.0493831
4.49001,-0.0489564
4.50001,-0.0485333
4.51001,-0.0481138
4.52001,-0.0476978
4.53001,-0.0472854
4.54001,-0.0468764
4.55001,-0.0464708
4.56001,-0.0460687
4.57001,-0.04567
4.58001,-0.0452747
4.59001,-0.0448827
4.60001,-0.044494
4.61001,-0.0441086
4.62001,-0.0437265
4.63001,-0.0433476
4.64001,-0.042972
4.65001,-0.0425995
4.66001,-0.0422301
4.67001,-0.0418639
4.68001,-0.0415008
4.69001,-0.0411408
4.70001,-0.0407839
4.71001,-0.0404299
4.72001,-0.040079
4.73001,-0.0397311
4.74001,-0.0393861
4.75001,-0.0390441
4.76001,-0.0387049
4.77001,-0.0383687
4.78001,-0.0380353
4.79001,-0.0377048
4.80001,-0.037377
4.81002,-0.0370521
4.82002,-0.03673
4.83002,-0.0364105
4.84002,-0.0360938
4.85002,-0.0357799
4.86002,-0.0354685
4.87002,-0.0351599
4.88002,-0.0348539
4.89002,-0.0345505
4.90002,-0.0342497
4.91002,-0.0339514
4.92002,-0.0336557
4.93002,-0.0333626
4.94002,-0.0330719
4.95002,-0.0327838
4.96002,-0.032498
4.97002,-0.0322148
4.98002,-0.031934
4.99002,-0.0316555
5.00002,-0.0313795
5.01002,-0.0311058
5.02002,-0.0308345
5.03002,-0.0305655
5.04002,-0.0302988
5.05002,-0.0300344
5.06002,-0.0297723
5.07002,-0.0295124
5.08002,-0.0292548
5.09002,-0.0289993
5.10002,-0.0287461
5.11002,-0.028495
5.12002,-0.0282461
5.13002,-0.0279993
5.14002,-0.0277546
5.15002,-0.0275121
5.16002,-0.0272716
5.17002,-0.0270333
5.18002,-0.0267969
5.19002,-0.0265626
5.20002,-0.0263303
5.21002,-0.0261
5.22002,-0.0258717
5.23002,-0.0256454
5.24003,-0.025421
5.25003,-0.0251986
5.26003,-0.0249781
5.27003,-0.0247594
5.28003,-0.0245427
5.29003,-0.0243278
5.30003,-0.0241148
5.31003,-0.0239036
5.32003,-0.0236943
5.33003,-0.0234867
5.34003,-0.023281
5.35003,-0.023077
5.36003,-0.0228748
5.37003,-0.0226743
5.38003,-0.0224756
5.39003,-0.0222786
5.40003,-0.0220832
5.41003,-0.0218896
5.42003,-0.0216977
5.43003,-0.0215074
5.44003,-0.0213187
5.45003,-0.0211317
5.46003,-0.0209463
5.47003,-0.0207625
5.48003,-0.0205804
5.49003,-0.0203997
5.50003,-0.0202207
5.51003,-0.0200432
5.52003,-0.0198672
5.53003,-0.0196928
5.54003,-0.0195199
5.55003,-0.0193485
5.56003,-0.0191785
5.57003,-0.0190101
5.58003,-0.0188431
5.59003,-0.0186775
5.60003,-0.0185134
5.61003,-0.0183507
5.62003,-0.0181894
5.63003,-0.0180296
5.64003,-0.0178711
5.65003,-0.017714
5.66003,-0.0175582
5.67003,-0.0174038
5.68004,-0.0172508
5.69004,-0.0170991
5.70004,-0.0169487
5.71004,-0.0167996
5.72004,-0.0166518
5.73004,-0.0165053
5.74004,-0.01636
5.75004,-0.0162161
5.76004,-0.0160733
5.77004,-0.0159319
5.78004,-0.0157916
5.79004,-0.0156526
5.80004,-0.0155148
5.81004,-0.0153782
5.82004,-0.0152427
5.83004,-0.0151085
5.84004,-0.0149754
5.85004,-0.0148435
5.86004,-0.0147128
5.87004,-0.0145831
5.88004,-0.0144546
5.89004,-0.0143273
5.90004,-0.014201
5.91004,-0.0140758
5.92004,-0.0139518
5.93004,-0.0138288
5.94004,-0.0137069
5.95004,-0.013586
5.96004,-0.0134662
5.97004,-0.0133475
5.98004,-0.0132298
5.99004,-0.0131131
6.00004,-0.0129974
6.01004,-0.0128827
6.02004,-0.0127691
6.03004,-0.0126564
6.04004,-0.0125448
6.05004,-0.0124341
6.06004,-0.0123243
6.07004,-0.0122156
6.08004,-0.0121077
6.09004,-0.0120008
6.10004,-0.0118949
6.11004,-0.0117899
6.12005,-0.0116858
6.13005,-0.0115826
6.14005,-0.0114803
6.15005,-0.0113789
6.16005,-0.0112784
6.17005,-0.0111788
6.18005,-0.01108
6.19005,-0.0109821
6.20005,-0.0108851
6.21005,-0.0107889
6.22005,-0.0106936
6.23005,-0.0105991
6.24005,-0.0105054
6.25005,-0.0104125
6.26005,-0.0103205
6.27005,-0.0102292
6.28005,-0.0101388
6.29005,-0.0100492
6.30005,-0.0099603
6.31005,-0.00987223
6.32005,-0.00978492
6.33005,-0.00969837
6.34005,-0.00961259
6.35005,-0.00952756
6.36005,-0.00944327
6.37005,-0.00935972
6.38005,-0.00927691
6.39005,-0.00919482
6.40005,-0.00911345
6.41005,-0.0090328
6.42005,-0.00895286
6.43005,-0.00887362
6.44005,-0.00879507
6.45005,-0.00871721
6.46005,-0.00864003
6.47005,-0.00856353
6.48005,-0.00848771
6.49005,-0.00841255
6.50005,-0.00833806
6.51005,-0.00826422
6.52005,-0.00819103
6.53005,-0.00811847
6.54005,-0.00804656
6.55006,-0.00797528
6.56006,-0.00790462
6.57006,-0.0078346
6.58006,-0.00776518
6.59006,-0.00769637
6.60006,-0.00762817
6.61006,-0.00756057
6.62006,-0.00749355
6.63006,-0.00742712
6.64006,-0.00736128
6.65006,-0.00729602
6.66006,-0.00723134
6.67006,-0.00716723
6.68006,-0.00710367
6.69006,-0.00704069
6.70006,-0.00697825
6.71006,-0.00691637
6.72006,-0.00685503
6.73006,-0.00679423
6.74006,-0.00673397
6.75006,-0.00667423
6.76006,-0.00661502
6.77006,-0.00655632
6.78006,-0.00649815
6.79006,-0.00644048
6.80006,-0.00638334
6.81006,-0.0063267
6.82006,-0.00627055
6.83006,-0.00621489
6.84006,-0.00615974
6.85006,-0.00610506
6.86006,-0.00605088
6.87006,-0.00599716
6.88006,-0.00594392
6.89006,-0.00589114
6.90006,-0.00583883
6.91006,-0.00578699
6.92006,-0.0057356
6.93006,-0.00568467
6.94006,-0.00563418
6.95006,-0.00558414
6.96006,-0.00553455
6.97006,-0.00548539
6.98006,-0.00543666
6.99007,-0.00538836
7.00007,-0.00534049
7.01007,-0.00529304
7.02007,-0.005246
7.03007,-0.00519939
7.04007,-0.00515318
7.05007,-0.00510739
7.06007,-0.00506199
7.07007,-0.005017
7.08007,-0.00497241
7.09007,-0.00492821
7.10007,-0.00488439
7.11007,-0.00484096
7.12007,-0.00479793
7.13007,-0.00475527
7.14007,-0.00471299
7.15007,-0.00467108
7.16007,-0.00462954
7.17007,-0.00458836
7.18007,-0.00454755
7.19007,-0.00450711
7.20007,-0.00446702
7.21007,-0.00442728
7.22007,-0.00438791
7.23007,-0.00434888
7.24007,-0.00431018
7.25007,-0.00427184
7.26007,-0.00423382
7.27007,-0.00419615
7.28007,-0.0041588
7.29007,-0.00412179
7.30007,-0.00408511
7.31007,-0.00404876
7.32007,-0.00401272
7.33007,-0.003977
7.34007,-0.0039416
7.35007,-0.00390652
7.36007,-0.00387175
7.37007,-0.00383728
7.38007,-0.00380312
7.39007,-0.00376927
7.40007,-0.00373571
7.41007,-0.00370245
7.42007,-0.00366948
7.43008,-0.0036368
7.44008,-0.00360441
7.45008,-0.0035723
7.46008,-0.00354048
7.47008,-0.00350895
7.48008,-0.00347768
7.49008,-0.0034467
7.50008,-0.003416
7.51008,-0.00338557
7.52008,-0.0033554
7.53008,-0.0033255
7.54008,-0.00329587
7.55008,-0.0032665
7.56008,-0.00323739
7.57008,-0.00320854
7.58008,-0.00317996
7.59008,-0.00315161
7.60008,-0.00312352
7.61008,-0.00309568
7.62008,-0.00306809
7.63008,-0.00304074
7.64008,-0.00301363
7.65008,-0.00298676
7.66008,-0.00296013
7.67008,-0.00293374
7.68008,-0.00290758
7.69008,-0.00288165
7.70008,-0.00285595
7.71008,-0.00283049
7.72008,-0.00280524
7.73008,-0.00278023
7.74008,-0.00275542
7.75008,-0.00273084
7.76008,-0.00270649
7.77008,-0.00268235
7.78008,-0.00265842
7.79008,-0.0026347
7.80008,-0.00261119
7.81008,-0.00258789
7.82008,-0.00256481
7.83008,-0.00254192
7.84008,-0.00251923
7.85008,-0.00249675
7.86009,-0.00247447
7.87009,-0.00245239
7.88009,-0.0024305
7.89009,-0.00240881
7.90009,-0.00238731
7.91009,-0.002366
7.92009,-0.00234488
7.93009,-0.00232395
7.94009,-0.0023032
7.95009,-0.00228265
7.96009,-0.00226226
7.97009,-0.00224207
7.98009,-0.00222205
7.99009,-0.00220221
8.00009,-0.00218254
8.01009,-0.00216306
8.02009,-0.00214374
8.03009,-0.0021246
8.04009,-0.00210562
8.05009,-0.00208681
8.06009,-0.00206817
8.07009,-0.00204969
8.08009,-0.00203139
8.09009,-0.00201325
8.10009,-0.00199527
8.11009,-0.00197745
8.12009,-0.00195978
8.13009,-0.00194227
8.14009,-0.00192492
8.15009,-0.00190772
8.16009,-0.00189068
8.17009,-0.00187378
8.18009,-0.00185704
8.19009,-0.00184045
8.20009,-0.001824
8.21009,-0.0018077
8.22009,-0.00179154
8.23009,-0.00177552
8.24009,-0.00175965
8.25009,-0.00174392
8.26009,-0.00172832
8.27009,-0.00171287
8.28009,-0.00169755
8.29009,-0.00168238
8.30009,-0.00166734
8.31009,-0.00165242
8.3201,-0.00163765
8.3301,-0.001623
8.3401,-0.00160849
8.3501,-0.0015941
8.3601,-0.00157984
8.3701,-0.00156572
8.3801,-0.00155171
8.3901,-0.00153783
8.4001,-0.00152407
8.4101,-0.00151043
8.4201,-0.00149692
8.4301,-0.00148353
8.4401,-0.00147026
8.4501,-0.00145711
8.4601,-0.00144407
8.4701,-0.00143115
8.4801,-0.00141834
8.4901,-0.00140565
8.5001,-0.00139307
8.5101,-0.0013806
8.5201,-0.00136824
8.5301,-0.001356
8.5401,-0.00134387
8.5501,-0.00133184
8.5601,-0.00131992
8.5701,-0.0013081
8.5801,-0.00129639
8.5901,-0.00128479
8.6001,-0.00127329
8.6101,-0.00126189
8.6201,-0.00125059
8.6301,-0.00123939
8.6401,-0.0012283
8.6501,-0.0012173
8.6601,-0.0012064
8.6701,-0.0011956
8.6801,-0.00118489
8.6901,-0.00117429
8.7001,-0.00116377
8.7101,-0.00115335
8.7201,-0.00114302
8.7301,-0.00113278
8.7401,-0.00112264
8.7501,-0.00111259
8.76011,-0.00110262
8.77011,-0.00109274
8.78011,-0.00108295
8.79011,-0.00107324
8.80011,-0.00106363
8.81011,-0.00105409
8.82011,-0.00104465
8.83011,-0.00103529
8.84011,-0.00102601
8.85011,-0.00101682
8.86011,-0.00100771
8.87011,-0.000998676
8.88011,-0.000989731
8.89011,-0.000980866
8.90011,-0.00097208
8.91011,-0.000963367
8.92011,-0.000954733
8.93011,-0.000946179
8.94011,-0.000937697
8.95011,-0.000929288
8.96011,-0.000920958
8.97011,-0.0009127
8.98011,-0.000904515
8.99011,-0.000896411
9.00011,-0.00088838
9.01011,-0.000880421
9.02011,-0.000872526
9.03011,-0.000864704
9.04011,-0.000856947
9.05011,-0.000849262
9.06011,-0.000841642
9.07011,-0.000834096
9.08011,-0.000826615
9.09011,-0.000819206
9.10011,-0.000811855
9.11011,-0.000804568
9.12011,-0.000797356
9.13011,-0.000790209
9.14011,-0.000783119
9.15011,-0.000776094
9.16011,-0.000769126
9.17011,-0.000762233
9.18011,-0.000755397
9.19011,-0.000748618
9.20012,-0.000741897
9.21012,-0.000735242
9.22012,-0.000728645
9.23012,-0.000722106
9.24012,-0.000715633
9.25012,-0.00070921
9.26012,-0.000702845
9.27012,-0.000696537
9.28012,-0.000690289
9.29012,-0.000684098
9.30012,-0.000677956
9.31012,-0.000671875
9.32012,-0.000665843
9.33012,-0.000659861
9.34012,-0.000653939
9.35012,-0.000648067
9.36012,-0.000642245
9.37012,-0.000636482
9.38012,-0.000630769
9.39012,-0.000625108
9.40012,-0.000619497
9.41012,-0.000613936
9.42012,-0.000608427
9.43012,-0.000602961
9.44012,-0.000597554
9.45012,-0.00059219
9.46012,-0.000586868
9.47012,-0.000581598
9.48012,-0.000576371
9.49012,-0.000571196
9.50012,-0.000566063
9.51012,-0.000560983
9.52012,-0.000555945
9.53012,-0.000550949
9.54012,-0.000546006
9.55012,-0.000541097
9.56012,-0.000536241
9.57012,-0.000531419
9.58012,-0.00052665
9.59012,-0.000521916
9.60012,-0.000517226
9.61012,-0.000512579
9.62012,-0.000507977
9.63013,-0.00050341
9.64013,-0.000498887
9.65013,-0.000494399
9.66013,-0.000489956
9.67013,-0.000485549
9.68013,-0.000481185
9.69013,-0.000476857
9.70013,-0.000472573
9.71013,-0.000468325
9.72013,-0.000464114
9.73013,-0.000459947
9.74013,-0.000455815
9.75013,-0.000451721
9.76013,-0.000447662
9.77013,-0.00044364
9.78013,-0.000439653
9.79013,-0.000435703
9.80013,-0.00043179
9.81013,-0.000427905
9.82013,-0.000424065
9.83013,-0.000420252
9.84013,-0.000416476
9.85013,-0.000412728
9.86013,-0.000409018
9.87013,-0.000405344
9.88013,-0.000401698
9.89013,-0.00039809
9.90013,-0.000394508
9.91013,-0.000390957
9.92013,-0.000387443
9.93013,-0.000383957
9.94013,-0.000380507
9.95013,-0.000377088
9.96013,-0.000373696
9.97013,-0.000370334
9.98013,-0.000367009
9.99013,-0.000363704
10.0001,-0.000360437
10.0101,-0.000357189
10.0201,-0.000353979
10.0301,-0.000350799
10.0401,-0.000347638
10.0501,-0.000344508
10.0601,-0.000341415
10.0701,-0.000338342
10.0801,-0.000335298
10.0901,-0.000332285
10.1001,-0.000329291
10.1101,-0.000326328
10.1201,-0.000323394
10.1301,-0.00032049
10.1401,-0.000317606
10.1501,-0.000314752
10.1601,-0.000311928
10.1701,-0.000309116
10.1801,-0.000306334
10.1901,-0.000303582
10.2001,-0.00030085
10.2101,-0.000298141
10.2201,-0.000295461
10.2301,-0.000292804
10.2401,-0.000290166
10.2501,-0.000287559
10.2601,-0.000284974
10.2701,-0.000282409
10.2801,-0.000279866
10.2901,-0.000277346
10.3001,-0.000274855
10.3101,-0.000272377
10.3201,-0.000269922
10.3301,-0.000267496
10.3401,-0.000265093
10.3501,-0.000262702
10.3601,-0.000260334
10.3701,-0.000257995
10.3801,-0.000255679
10.3901,-0.000253375
10.4001,-0.000251094
10.4101,-0.000248835
10.4201,-0.000246599
10.4301,-0.000244375
10.4401,-0.000242173
10.4501,-0.000239994
10.4601,-0.000237837
10.4701,-0.000235693
10.4801,-0.000233571
10.4901,-0.000231472
10.5001,-0.000229387
10.5101,-0.000227325
10.5201,-0.000225276
10.5301,-0.000223248
10.5401,-0.000221236
10.5501,-0.000219246
10.5601,-0.000217279
10.5701,-0.000215316
10.5801,-0.000213376
10.5901,-0.000211459
10.6001,-0.000209556
10.6101,-0.000207666
10.6201,-0.00020579
10.6301,-0.000203938
10.6401,-0.0002021
10.6501,-0.000200284
10.6601,-0.000198483
10.6701,-0.000196695
10.6801,-0.000194922
10.6901,-0.000193164
10.7001,-0.000191428
10.7101,-0.000189707
10.7201,-0.000187991
10.7302,-0.000186298
10.7402,-0.000184619
10.7502,-0.000182956
10.7602,-0.000181307
10.7702,-0.00017968
10.7802,-0.000178059
10.7902,-0.000176453
10.8002,-0.000174862
10.8102,-0.000173285
10.8202,-0.000171724
10.8302,-0.000170184
10.8402,-0.00016865
10.8502,-0.000167131
10.8602,-0.000165627
10.8702,-0.000164138
10.8802,-0.000162663
10.8902,-0.000161204
10.9002,-0.00015975
10.9102,-0.00015831
10.9202,-0.000156886
10.9302,-0.000155469
10.9402,-0.000154067
10.9502,-0.000152679
10.9602,-0.000151307
10.9702,-0.00014994
10.9802,-0.000148588
10.9902,-0.00014725
11.0002,-0.00014592
11.0102,-0.000144605
11.0202,-0.000143305
11.0302,-0.00014202
11.0402,-0.000140733
11.0502,-0.00013946
11.0602,-0.000138203
11.0702,-0.00013696
11.0802,-0.000135725
11.0902,-0.000134504
11.1002,-0.000133291
11.1102,-0.000132093
11.1202,-0.000130901
11.1302,-0.000129715
11.1402,-0.000128545
11.1502,-0.000127382
11.1602,-0.000126234
11.1702,-0.000125101
11.1802,-0.000123975
11.1902,-0.000122864
11.2002,-0.000121751
11.2102,-0.000120653
11.2202,-0.000119562
11.2302,-0.000118486
11.2402,-0.000117418
11.2502,-0.000116357
11.2602,-0.000115311
11.2702,-0.000114272
11.2802,-0.000113249
11.2902,-0.000112223
11.3002,-0.000111204
11.3102,-0.000110201
11.3202,-0.000109204
11.3302,-0.000108216
11.3402,-0.000107242
11.3502,-0.000106276
11.3602,-0.000105317
11.3702,-0.000104373
11.3802,-0.000103436
11.3902,-0.000102498
11.4002,-0.000101566
11.4102,-0.00010065
11.4202,-9.9741e-005
11.4302,-9.88395e-005
11.4402,-9.79455e-005
11.4502,-9.70663e-005
11.4602,-9.61946e-005
11.4702,-9.53304e-005
11.4802,-9.44736e-005
11.4902,-9.36243e-005
11.5002,-9.27727e-005
11.5102,-9.19286e-005
11.5202,-9.10993e-005
11.5302,-9.02776e-005
11.5402,-8.94632e-005
11.5502,-8.86564e-005
11.5602,-8.78569e-005
11.5702,-8.7065e-005
11.5802,-8.62804e-005
11.5902,-8.55034e-005
11.6002,-8.47337e-005
11.6102,-8.39716e-005
11.6202,-8.32071e-005
11.6302,-8.24502e-005
11.6402,-8.17007e-005
11.6502,-8.09586e-005
11.6602,-8.0224e-005
11.6702,-7.94968e-005
11.6802,-7.87771e-005
11.6902,-7.80649e-005
11.7002,-7.73601e-005
11.7102,-7.66627e-005
11.7202,-7.59728e-005
11.7302,-7.52903e-005
11.7402,-7.46153e-005
11.7502,-7.39381e-005
11.7602,-7.32683e-005
11.7702,-7.2606e-005
11.7802,-7.19511e-005
11.7902,-7.12962e-005
11.8002,-7.06487e-005
11.8102,-7.00087e-005
11.8202,-6.93762e-005
11.8302,-6.87511e-005
11.8402,-6.81335e-005
11.8502,-6.75233e-005
11.8602,-6.69131e-005
11.8702,-6.63103e-005
11.8802,-6.57151e-005
11.8902,-6.51272e-005
11.9002,-6.45468e-005
11.9102,-6.39568e-005
11.9202,-6.33741e-005
11.9302,-6.2799e-005
11.9402,-6.22312e-005
11.9502,-6.16635e-005
11.9602,-6.11032e-005
11.9702,-6.05504e-005
11.9802,-6.0005e-005
11.9902,-5.94597e-005
12.0002,-5.89217e-005
12.0102,-5.83913e-005
12.0202,-5.78683e-005
12.0302,-5.73452e-005
12.0402,-5.68297e-005
12.0502,-5.63215e-005
12.0602,-5.58134e-005
12.0702,-5.53128e-005
12.0802,-5.48099e-005
12.0902,-5.43069e-005
12.1002,-5.38115e-005
12.1102,-5.33235e-005
12.1202,-5.28355e-005
12.1302,-5.23549e-005
12.1402,-5.18818e-005
12.1502,-5.14087e-005
12.1602,-5.09431e-005
12.1702,-5.04849e-005
12.1802,-5.00267e-005
12.1902,-4.95759e-005
12.2002,-4.91252e-005
12.2102,-4.86818e-005
12.2202,-4.8246e-005
12.2302,-4.78101e-005
12.2402,-4.73817e-005
12.2502,-4.69533e-005
12.2602,-4.65324e-005
12.2702,-4.61189e-005
12.2802,-4.57054e-005
12.2902,-4.52993e-005
12.3002,-4.48836e-005
12.3102,-4.44753e-005
12.3202,-4.4067e-005
12.3302,-4.36662e-005
12.3402,-4.32654e-005
12.3502,-4.2872e-005
12.3602,-4.24786e-005
12.3702,-4.20927e-005
12.3802,-4.17142e-005
12.3902,-4.13357e-005
12.4002,-4.09647e-005
12.4102,-4.05936e-005
12.4202,-4.023e-005
12.4302,-3.98665e-005
12.4402,-3.95029e-005
12.4502,-3.91467e-005
12.4602,-3.87906e-005
12.4702,-3.84419e-005
12.4802,-3.80932e-005
12.4902,-3.7752e-005
12.5002,-3.74108e-005
12.5102,-3.7077e-005
12.5202,-3.67432e-005
12.5302,-3.64169e-005
12.5402,-3.60906e-005
12.5502,-3.57717e-005
12.5602,-3.54528e-005
12.5702,-3.51242e-005
12.5802,-3.48031e-005
12.5902,-3.4482e-005
12.6002,-3.41683e-005
12.6102,-3.38547e-005
12.6202,-3.35485e-005
12.6302,-3.32422e-005
12.6402,-3.2936e-005
12.6502,-3.26373e-005
12.6602,-3.23385e-005
12.6702,-3.20472e-005
12.6802,-3.17559e-005
12.6902,-3.14645e-005
12.7002,-3.11807e-005
12.7102,-3.08968e-005
12.7202,-3.06204e-005
12.7302,-3.0344e-005
12.7402,-3.00676e-005
12.7502,-2.97986e-005
12.7602,-2.95297e-005
12.7702,-2.92607e-005
12.7802,-2.89992e-005
12.7902,-2.87377e-005
12.8002,-2.84762e-005
12.8102,-2.82221e-005
12.8202,-2.7968e-005
12.8302,-2.7714e-005
12.8402,-2.74674e-005
12.8502,-2.72207e-005
12.8602,-2.69741e-005
12.8702,-2.6735e-005
12.8802,-2.64958e-005
12.8902,-2.62567e-005
12.9002,-2.60249e-005
12.9102,-2.57932e-005
12.9202,-2.55615e-005
12.9302,-2.53373e-005
12.9402,-2.51033e-005
12.9502,-2.48694e-005
12.9602,-2.46429e-005
12.9702,-2.44164e-005
12.9802,-2.41899e-005
12.9902,-2.39708e-005
13.0002,-2.37518e-005
13.0102,-2.35328e-005
13.0202,-2.33137e-005
13.0302,-2.31021e-005
13.0402,-2.28905e-005
13.0502,-2.26789e-005
13.0602,-2.24748e-005
13.0702,-2.22706e-005
13.0802,-2.20665e-005
13.0902,-2.18623e-005
13.1002,-2.16657e-005
13.1102,-2.1469e-005
13.1202,-2.12723e-005
13.1302,-2.10756e-005
13.1402,-2.08863e-005
13.1502,-2.06971e-005
13.1602,-2.05078e-005
13.1702,-2.03186e-005
13.1802,-2.01368e-005
13.1902,-1.9955e-005
13.2002,-1.97732e-005
13.2102,-1.95914e-005
13.2202,-1.94171e-005
13.2302,-1.92427e-005
13.2402,-1.90684e-005
13.2502,-1.88941e-005
13.2602,-1.87272e-005
13.2702,-1.85603e-005
13.2802,-1.83934e-005
13.2902,-1.82265e-005
13.3002,-1.80671e-005
13.3102,-1.79076e-005
13.3202,-1.77482e-005
13.3302,-1.75887e-005
13.3402,-1.74293e-005
13.3502,-1.72773e-005
13.3602,-1.71253e-005
13.3702,-1.69733e-005
13.3802,-1.68213e-005
13.3902,-1.66693e-005
13.4002,-1.65248e-005
13.4102,-1.63803e-005
13.4202,-1.62357e-005
13.4302,-1.60912e-005
13.4402,-1.59466e-005
13.4502,-1.58096e-005
13.4602,-1.56725e-005
13.4702,-1.55257e-005
13.4802,-1.53789e-005
13.4902,-1.52321e-005
13.5002,-1.50928e-005
13.5102,-1.49535e-005
13.5202,-1.48142e-005
13.5302,-1.46748e-005
13.5402,-1.45355e-005
13.5502,-1.43962e-005
13.5602,-1.42643e-005
13.5702,-1.41324e-005
13.5802,-1.40006e-005
13.5902,-1.38687e-005
13.6002,-1.37368e-005
13.6102,-1.36124e-005
13.6202,-1.3488e-005
13.6302,-1.33635e-005
13.6402,-1.32391e-005
13.6502,-1.31147e-005
13.6602,-1.29903e-005
13.6702,-1.28733e-005
13.6802,-1.27563e-005
13.6902,-1.26394e-005
13.7002,-1.25224e-005
13.7102,-1.24054e-005
13.7202,-1.22884e-005
13.7302,-1.21789e-005
13.7402,-1.20694e-005
13.7502,-1.19599e-005
13.7602,-1.18503e-005
13.7702,-1.17408e-005
13.7802,-1.16313e-005
13.7902,-1.15218e-005
13.8002,-1.14197e-005
13.8102,-1.13176e-005
13.8202,-1.12156e-005
13.8302,-1.11135e-005
13.8402,-1.10114e-005
13.8502,-1.09093e-005
13.8602,-1.08073e-005
13.8702,-1.07052e-005
13.8802,-1.06106e-005
13.8902,-1.0516e-005
13.9002,-1.04213e-005
13.9102,-1.03267e-005
13.9202,-1.02321e-005
13.9302,-1.01375e-005
13.9402,-1.00428e-005
13.9502,-9.95567e-006
13.9602,-9.8685e-006
13.9702,-9.78133e-006
13.9802,-9.69416e-006
13.9902,-9.60699e-006
14.0002,-9.51982e-006
14.0102,-9.43265e-006
14.0202,-9.34548e-006
14.0302,-9.2583e-006
14.0402,-9.17858e-006
14.0502,-9.09886e-006
14.0602,-9.01914e-006
14.0702,-8.93942e-006
14.0802,-8.8597e-006
14.0902,-8.77998e-006
14.1002,-8.70026e-006
14.1102,-8.62054e-006
14.1202,-8.54082e-006
14.1302,-8.46855e-006
14.1402,-8.39628e-006
14.1502,-8.32401e-006
14.1602,-8.25174e-006
14.1702,-8.17947e-006
14.1802,-8.1072e-006
14.1902,-8.03493e-006
14.2002,-7.96266e-006
14.2102,-7.89039e-006
14.2202,-7.81812e-006
14.2302,-7.7533e-006
14.2402,-7.68848e-006
14.2502,-7.62366e-006
14.2602,-7.55884e-006
14.2702,-7.49402e-006
14.2802,-7.4292e-006
14.2902,-7.36438e-006
14.3002,-7.29957e-006
14.3102,-7.23475e-006
14.3202,-7.16993e-006
14.3302,-7.10511e-006
14.3402,-7.04029e-006
14.3502,-6.98292e-006
14.3602,-6.92555e-006
14.3702,-6.86818e-006
14.3802,-6.81081e-006
14.3902,-6.75344e-006
14.4002,-6.69607e-006
14.4102,-6.63871e-006
14.4202,-6.58134e-006
14.4302,-6.52397e-006
14.4402,-6.4666e-006
14.4502,-6.40923e-006
14.4602,-6.35186e-006
14.4702,-6.29449e-006
14.4802,-6.24457e-006
14.4902,-6.19466e-006
14.5002,-6.14474e-006
14.5102,-6.09482e-006
14.5202,-6.0449e-006
14.5302,-5.99498e-006
14.5402,-5.94506e-006
14.5502,-5.89515e-006
14.5602,-5.83554e-006
14.5702,-5.77594e-006
14.5802,-5.71633e-006
14.5902,-5.65673e-006
14.6002,-5.59712e-006
14.6102,-5.53752e-006
14.6202,-5.48536e-006
14.6302,-5.43321e-006
14.6402,-5.38106e-006
14.6502,-5.3289e-006
14.6602,-5.28643e-006
14.6702,-5.23428e-006
14.6802,-5.18213e-006
14.6902,-5.12997e-006
14.7002,-5.07782e-006
14.7102,-5.02566e-006
14.7202,-4.97351e-006
14.7302,-4.92136e-006
14.7402,-4.8692e-006
14.7502,-4.81705e-006
14.7602,-4.77234e-006
14.7702,-4.72764e-006
14.7802,-4.68294e-006
14.7902,-4.63823e-006
14.8002,-4.59353e-006
14.8102,-4.54883e-006
14.8202,-4.50412e-006
14.8302,-4.45942e-006
14.8402,-4.41472e-006
14.8502,-4.37001e-006
14.8602,-4.32531e-006
14.8702,-4.28061e-006
14.8802,-4.2359e-006
14.8902,-4.1912e-006
14.9002,-4.1465e-006
14.9102,-4.10179e-006
14.9202,-4.05709e-006
14.9302,-4.02952e-006
14.9402,-3.99227e-006
14.9502,-3.95502e-006
14.9602,-3.91776e-006
14.9702,-3.88051e-006
14.9802,-3.84326e-006
14.9902,-3.806e-006
15.0002,-3.76875e-006
15.0102,-3.7315e-006
15.0202,-3.69425e-006
15.0302,-3.65699e-006
15.0402,-3.61974e-006
15.0502,-3.58249e-006
15.0602,-3.54523e-006
15.0702,-3.50798e-006
15.0802,-3.47073e-006
15.0903,-3.43348e-006
15.1003,-3.39622e-006
15.1103,-3.35897e-006
15.1203,-3.32172e-006
15.1303,-3.29191e-006
15.1403,-3.26211e-006
15.1503,-3.23231e-006
15.1603,-3.20251e-006
15.1703,-3.17271e-006
15.1803,-3.1429e-006
15.1903,-3.1131e-006
15.2003,-3.0833e-006
15.2103,-3.0535e-006
15.2203,-3.02369e-006
15.2303,-2.99389e-006
15.2403,-2.96409e-006
15.2503,-2.93429e-006
15.2603,-2.90448e-006
15.2703,-2.87468e-006
15.2803,-2.84488e-006
15.2903,-2.82476e-006
15.3003,-2.79496e-006
15.3103,-2.76516e-006
15.3203,-2.73536e-006
15.3303,-2.70555e-006
15.3403,-2.67575e-006
15.3503,-2.64595e-006
15.3603,-2.61615e-006
15.3703,-2.58635e-006
15.3803,-2.56399e-006
15.3903,-2.54164e-006
15.4003,-2.51929e-006
15.4103,-2.49694e-006
15.4203,-2.47459e-006
15.4303,-2.45223e-006
15.4403,-2.42988e-006
15.4503,-2.40753e-006
15.4603,-2.38518e-006
15.4703,-2.36283e-006
15.4803,-2.34048e-006
15.4903,-2.31812e-006
15.5003,-2.29577e-006
15.5103,-2.27342e-006
15.5203,-2.25107e-006
15.5303,-2.22872e-006
15.5403,-2.20637e-006
15.5503,-2.18401e-006
15.5603,-2.16166e-006
15.5703,-2.13931e-006
15.5803,-2.11696e-006
15.5903,-2.09461e-006
15.6003,-2.07226e-006
15.6103,-2.0499e-006
15.6203,-2.02755e-006
15.6303,-2.0052e-006
15.6403,-1.98285e-006
15.6503,-1.9605e-006
15.6603,-1.93814e-006
15.6703,-1.91579e-006
15.6803,-1.89344e-006
15.6903,-1.87109e-006
15.7003,-1.84874e-006
15.7103,-1.83384e-006
15.7203,-1.81894e-006
15.7303,-1.80403e-006
15.7403,-1.78913e-006
15.7503,-1.77423e-006
15.7603,-1.75933e-006
15.7703,-1.74443e-006
15.7803,-1.72953e-006
15.7903,-1.71463e-006
15.8003,-1.69973e-006
15.8103,-1.68482e-006
15.8203,-1.66992e-006
15.8303,-1.65502e-006
15.8403,-1.64012e-006
15.8503,-1.62522e-006
15.8603,-1.61032e-006
15.8703,-1.6051e-006
15.8803,-1.5902e-006
15.8903,-1.5753e-006
15.9003,-1.5604e-006
15.9103,-1.5455e-006
15.9203,-1.5306e-006
15.9303,-1.5157e-006
15.9403,-1.5008e-006
15.9503,-1.48589e-006
15.9603,-1.47099e-006
15.9703,-1.45609e-006
15.9803,-1.44119e-006
15.9903,-1.42629e-006
16.0003,-1.41139e-006
16.0103,-1.39649e-006
16.0203,-1.38159e-006
16.0303,-1.36669e-006
16.0403,-1.35178e-006
16.0503,-1.33688e-006
16.0603,-1.32198e-006
16.0703,-1.30708e-006
16.0803,-1.29218e-006
16.0903,-1.27728e-006
16.1003,-1.26238e-006
16.1103,-1.24748e-006
16.1203,-1.23258e-006
16.1303,-1.21767e-006
16.1403,-1.20277e-006
16.1503,-1.18787e-006
16.1603,-1.17297e-006
16.1703,-1.15807e-006
16.1803,-1.14317e-006
16.1903,-1.12827e-006
16.2003,-1.11337e-006
16.2103,-1.10592e-006
16.2203,-1.09846e-006
16.2303,-1.09101e-006
16.2403,-1.08356e-006
16.2503,-1.07611e-006
16.2603,-1.06866e-006
16.2703,-1.06121e-006
16.2803,-1.05376e-006
16.2903,-1.04631e-006
16.3003,-1.03886e-006
16.3103,-1.03141e-006
16.3203,-1.02396e-006
16.3303,-1.01651e-006
16.3403,-1.00906e-006
16.3503,-1.00161e-006
16.3603,-9.94157e-007
16.3703,-9.86706e-007
16.3803,-9.79255e-007
16.3903,-9.71805e-007
16.4003,-9.64354e-007
16.4103,-9.56904e-007
16.4203,-9.49453e-007
16.4303,-9.42003e-007
16.4403,-9.34552e-007
16.4503,-9.27101e-007
16.4603,-9.19651e-007
16.4703,-9.122e-007
16.4803,-9.0475e-007
16.4903,-8.97299e-007
16.5003,-8.89848e-007
16.5103,-8.82398e-007
16.5203,-8.74947e-007
16.5303,-8.67497e-007
16.5403,-8.60046e-007
16.5503,-8.52596e-007
16.5603,-8.45145e-007
16.5703,-8.37694e-007
16.5803,-8.30244e-007
16.5903,-8.22793e-007
16.6003,-8.15343e-007
16.6103,-8.07892e-007
16.6203,-8.00442e-007
16.6303,-7.92991e-007
16.6403,-7.8554e-007
16.6503,-7.7809e-007
16.6603,-7.70639e-007
16.6703,13.7277
16.6803,13.5905
16.6903,13.4549
16.7003,13.3216
16.7103,13.1907
16.7203,13.0626
16.7303,12.9373
16.7403,12.8146
16.7503,12.6945
16.7603,12.5766
16.7703,12.4607
16.7803,12.3468
16.7903,12.2346
16.8003,12.1239
16.8103,12.0147
16.8203,11.9069
16.8303,11.8004
16.8403,11.6952
16.8503,11.5911
16.8603,11.4881
16.8703,11.3863
16.8803,11.2854
16.8903,11.1857
16.9003,11.0869
16.9103,10.9891
16.9203,10.8922
16.9303,10.7963
16.9403,10.7014
16.9503,10.6073
16.9603,10.5141
16.9703,10.4218
16.9803,10.3303
16.9903,10.2397
17.0003,10.1499
17.0103,10.061
17.0203,9.97284
17.0303,9.88551
17.0403,9.79897
17.0503,9.71323
17.0603,9.62826
17.0703,9.54406
17.0803,9.46061
17.0903,9.37792
17.1003,9.29597
17.1103,9.21476
17.1203,9.13427
17.1303,9.0545
17.1403,8.97544
17.1503,8.89709
17.1603,8.81944
17.1703,8.74247
17.1803,8.66619
17.1903,8.59059
17.2003,8.51566
17.2103,8.44139
17.2203,8.36777
17.2303,8.29481
17.2403,8.22249
17.2503,8.15081
17.2603,8.07977
17.2703,8.00934
17.2803,7.93954
17.2903,7.87036
17.3003,7.80178
17.3103,7.7338
17.3203,7.66643
17.3303,7.59964
17.3403,7.53344
17.3503,7.46782
17.3603,7.40278
17.3703,7.3383
17.3803,7.27439
17.3903,7.21104
17.4003,7.14825
17.4103,7.086
17.4203,7.0243
17.4303,6.96314
17.4403,6.90251
17.4503,6.84241
17.4603,6.78284
17.4703,6.72379
17.4803,6.66525
17.4903,6.60722
17.5003,6.5497
17.5103,6.49268
17.5203,6.43615
17.5303,6.38012
17.5403,6.32458
17.5503,6.26952
17.5603,6.21494
17.5703,6.16084
17.5803,6.1072
17.5903,6.05404
17.6003,6.00133
17.6103,5.94908
17.6203,5.89729
17.6303,5.84595
17.6403,5.79505
17.6503,5.7446
17.6603,5.69458
17.6703,5.645
17.6803,5.59585
17.6903,5.54712
17.7003,5.49882
17.7103,5.45094
17.7203,5.40347
17.7303,5.35642
17.7403,5.30977
17.7503,5.26353
17.7603,5.21769
17.7703,5.17224
17.7803,5.12719
17.7903,5.08253
17.8003,5.03826
17.8103,4.99437
17.8203,4.95086
17.8303,4.90773
17.8403,4.86497
17.8503,4.82259
17.8603,4.78057
17.8703,4.73891
17.8803,4.69761
17.8903,4.65667
17.9003,4.61609
17.9103,4.57586
17.9203,4.53597
17.9303,4.49643
17.9403,4.45724
17.9503,4.41838
17.9603,4.37986
17.9703,4.34167
17.9803,4.30381
17.9903,4.26628
18.0003,4.22907
18.0103,4.19219
18.0203,4.15563
18.0303,4.11938
18.0403,4.08344
18.0503,4.04782
18.0603,4.0125
18.0703,3.97749
18.0803,3.94279
18.0903,3.90838
18.1003,3.87427
18.1103,3.84045
18.1203,3.80693
18.1303,3.7737
18.1403,3.74075
18.1503,3.70809
18.1603,3.67572
18.1703,3.64362
18.1803,3.6118
18.1903,3.58025
18.2003,3.54898
18.2103,3.51798
18.2203,3.48724
18.2303,3.45678
18.2403,3.42657
18.2503,3.39663
18.2603,3.36694
18.2703,3.33752
18.2803,3.30834
18.2903,3.27942
18.3003,3.25075
18.3103,3.22233
18.3203,3.19415
18.3303,3.16622
18.3403,3.13853
18.3503,3.11107
18.3603,3.08386
18.3703,3.05688
18.3803,3.03013
18.3903,3.00362
18.4003,2.97733
18.4103,2.95127
18.4203,2.92544
18.4303,2.89983
18.4403,2.87444
18.4503,2.84928
18.4603,2.82433
18.4703,2.79959
18.4803,2.77507
18.4903,2.75076
18.5003,2.72667
18.5103,2.70278
18.5203,2.67909
18.5303,2.65562
18.5403,2.63234
18.5503,2.60927
18.5603,2.5864
18.5703,2.56372
18.5803,2.54124
18.5903,2.51896
18.6003,2.49687
18.6103,2.47497
18.6203,2.45326
18.6303,2.43174
18.6403,2.4104
18.6503,2.38925
18.6603,2.36829
18.6703,2.3475
18.6803,2.3269
18.6903,2.30647
18.7003,2.28622
18.7103,2.26614
18.7203,2.24624
18.7303,2.22652
18.7403,2.20696
18.7503,2.18757
18.7603,2.16835
18.7703,2.1493
18.7803,2.13041
18.7903,2.11169
18.8003,2.09313
18.8103,2.07473
18.8203,2.05649
18.8303,2.03841
18.8403,2.02048
18.8503,2.00271
18.8603,1.9851
18.8703,1.96763
18.8803,1.95032
18.8903,1.93316
18.9003,1.91615
18.9103,1.89929
18.9203,1.88257
18.9303,1.866
18.9403,1.84957
18.9503,1.83328
18.9603,1.81714
18.9703,1.80113
18.9803,1.78527
18.9903,1.76954
19.0003,1.75395
19.0103,1.7385
19.0203,1.72318
19.0303,1.70799
19.0403,1.69293
19.0503,1.67801
19.0603,1.66322
19.0703,1.64855
19.0803,1.63401
19.0903,1.6196
19.1003,1.60531
19.1103,1.59115
19.1203,1.57711
19.1303,1.5632
19.1403,1.5494
19.1503,1.53572
19.1603,1.52217
19.1703,1.50873
19.1803,1.49541
19.1903,1.4822
19.2003,1.46911
19.2103,1.45614
19.2203,1.44327
19.2303,1.43052
19.2403,1.41788
19.2503,1.40535
19.2603,1.39293
19.2703,1.38062
19.2803,1.36841
19.2903,1.35632
19.3003,1.34432
19.3103,1.33244
19.3203,1.32065
19.3303,1.30897
19.3403,1.29739
19.3503,1.28591
19.3603,1.27453
19.3703,1.26325
19.3803,1.25207
19.3903,1.24099
19.4003,1.23
19.4103,1.21911
19.4203,1.20832
19.4303,1.19761
19.4403,1.18701
19.4503,1.17649
19.4604,1.16607
19.4704,1.15574
19.4804,1.1455
19.4904,1.13534
19.5004,1.12528
19.5104,1.11531
19.5204,1.10542
19.5304,1.09562
19.5404,1.0859
19.5504,1.07627
19.5604,1.06672
19.5704,1.05726
19.5804,1.04788
19.5904,1.03858
19.6004,1.02936
19.6104,1.02023
19.6204,1.01117
19.6304,1.0022
19.6404,0.993297
19.6504,0.984477
19.6604,0.975734
19.6704,0.967068
19.6804,0.958478
19.6904,0.949963
19.7004,0.941523
19.7104,0.933156
19.7204,0.924863
19.7304,0.916642
19.7404,0.908494
19.7504,0.900417
19.7604,0.892411
19.7704,0.884475
19.7804,0.876609
19.7904,0.868812
19.8004,0.861083
19.8104,0.853423
19.8204,0.845829
19.8304,0.838302
19.8404,0.830842
19.8504,0.823447
19.8604,0.816117
19.8704,0.808851
19.8804,0.801649
19.8904,0.79451
19.9004,0.787434
19.9104,0.78042
19.9204,0.773468
19.9304,0.766578
19.9404,0.759748
19.9504,0.752977
19.9604,0.746266
19.9704,0.739614
19.9804,0.733021
19.9904,0.726486
20.0004,0.720008
20.0104,0.713587
20.0204,0.707223
20.0304,0.700914
20.0404,0.694661
20.0504,0.688464
20.0604,0.682321
20.0704,0.676232
20.0804,0.670196
20.0904,0.664214
20.1004,0.658284
20.1104,0.652407
20.1204,0.646582
20.1304,0.640808
20.1404,0.635085
20.1504,0.629413
20.1604,0.62379
20.1704,0.618217
20.1804,0.612694
20.1904,0.607219
20.2004,0.601792
20.2104,0.596413
20.2204,0.591082
20.2304,0.585797
20.2404,0.580559
20.2504,0.575368
20.2604,0.570222
20.2704,0.565122
20.2804,0.560067
20.2904,0.555056
20.3004,0.55009
20.3104,0.545168
20.3204,0.540289
20.3304,0.535454
20.3404,0.53066
20.3504,0.52591
20.3604,0.521201
20.3704,0.516535
20.3804,0.511909
20.3904,0.507324
20.4004,0.50278
20.4104,0.498276
20.4204,0.493812
20.4304,0.489387
20.4404,0.485002
20.4504,0.480655
20.4604,0.476347
20.4704,0.472076
20.4804,0.467844
20.4904,0.463649
20.5004,0.459492
20.5104,0.455371
20.5204,0.451287
20.5304,0.447239
20.5404,0.443227
20.5504,0.43925
20.5604,0.435308
20.5704,0.431402
20.5804,0.42753
20.5904,0.423692
20.6004,0.419889
20.6104,0.416119
20.6204,0.412383
20.6304,0.40868
20.6404,0.40501
20.6504,0.401373
20.6604,0.397767
20.6704,0.394194
20.6804,0.390653
20.6904,0.387143
20.7004,0.383664
20.7104,0.380216
20.7204,0.376799
20.7304,0.373412
20.7404,0.370054
20.7504,0.366728
20.7604,0.363431
20.7704,0.360162
20.7804,0.356923
20.7904,0.353712
20.8004,0.35053
20.8104,0.347376
20.8204,0.34425
20.8304,0.341152
20.8404,0.338082
20.8504,0.335039
20.8604,0.332024
20.8704,0.329034
20.8804,0.326072
20.8904,0.323136
20.9004,0.320227
20.9104,0.317343
20.9204,0.314484
20.9304,0.311651
20.9404,0.308843
20.9504,0.306061
20.9604,0.303304
20.9704,0.300571
20.9804,0.297862
20.9904,0.295178
21.0004,0.292517
21.0104,0.28988
21.0204,0.287266
21.0304,0.284676
21.0404,0.282109
21.0504,0.279565
21.0604,0.277044
21.0704,0.274545
21.0804,0.272068
21.0904,0.269613
21.1004,0.267181
21.1104,0.264769
21.1204,0.26238
21.1304,0.260012
21.1404,0.257666
21.1504,0.255339
21.1604,0.253034
21.1704,0.25075
21.1804,0.248486
21.1904,0.246241
21.2004,0.244017
21.2104,0.241813
21.2204,0.239628
21.2304,0.237463
21.2404,0.235317
21.2504,0.233191
21.2604,0.231084
21.2704,0.228996
21.2804,0.226926
21.2904,0.224875
21.3004,0.222842
21.3104,0.220827
21.3204,0.21883
21.3304,0.21685
21.3404,0.214889
21.3504,0.212946
21.3604,0.211019
21.3704,0.20911
21.3804,0.207218
21.3904,0.205343
21.4004,0.203484
21.4104,0.201643
21.4204,0.199818
21.4304,0.198009
21.4404,0.196217
21.4504,0.194441
21.4604,0.19268
21.4704,0.190936
21.4804,0.189207
21.4904,0.187493
21.5004,0.185795
21.5104,0.184112
21.5204,0.182444
21.5304,0.180791
21.5404,0.179153
21.5504,0.177529
21.5604,0.175919
21.5704,0.174325
21.5804,0.172744
21.5904,0.171179
21.6004,0.169627
21.6104,0.168088
21.6204,0.166564
21.6304,0.165053
21.6404,0.163556
21.6504,0.162072
21.6604,0.160602
21.6704,0.159146
21.6804,0.157701
21.6904,0.15627
21.7004,0.154852
21.7104,0.153446
21.7204,0.152054
21.7304,0.150674
21.7404,0.149306
21.7504,0.14795
21.7604,0.146607
21.7704,0.145276
21.7804,0.143957
21.7904,0.14265
21.8004,0.141354
21.8104,0.14007
21.8204,0.138797
21.8304,0.137537
21.8404,0.136287
21.8504,0.135049
21.8604,0.133822
21.8704,0.132606
21.8804,0.131401
21.8904,0.130207
21.9004,0.129023
21.9104,0.12785
21.9204,0.126688
21.9304,0.125536
21.9404,0.124395
21.9504,0.123264
21.9604,0.122142
21.9704,0.121031
21.9804,0.11993
21.9904,0.118839
22.0004,0.117758
22.0104,0.116686
22.0204,0.115624
22.0304,0.114572
22.0404,0.11353
22.0504,0.112497
22.0604,0.111472
22.0704,0.110457
22.0804,0.109452
22.0904,0.108455
22.1004,0.107468
22.1104,0.106489
22.1204,0.105519
22.1304,0.104558
22.1404,0.103606
22.1504,0.102663
22.1604,0.101728
22.1704,0.100801
22.1804,0.0998823
22.1904,0.0989724
22.2004,0.0980703
22.2104,0.0971768
22.2204,0.096291
22.2304,0.0954129
22.2404,0.0945436
22.2504,0.093682
22.2604,0.0928281
22.2704,0.091982
22.2804,0.0911427
22.2904,0.0903112
22.3004,0.0894875
22.3104,0.0886715
22.3204,0.0878625
22.3304,0.0870612
22.3404,0.0862668
22.3504,0.0854792
22.3604,0.0846995
22.3704,0.0839267
22.3804,0.0831607
22.3904,0.0824017
22.4004,0.0816496
22.4104,0.0809044
22.4204,0.0801661
22.4304,0.0794338
22.4404,0.0787084
22.4504,0.0779899
22.4604,0.0772775
22.4704,0.076572
22.4804,0.0758725
22.4904,0.075179
22.5004,0.0744926
22.5104,0.0738121
22.5204,0.0731377
22.5304,0.0724693
22.5404,0.071807
22.5504,0.0711507
22.5604,0.0705005
22.5704,0.0698563
22.5804,0.0692182
22.5904,0.0685853
22.6004,0.0679584
22.6104,0.0673367
22.6204,0.066721
22.6304,0.0661105
22.6404,0.0655062
22.6504,0.0649069
22.6604,0.0643129
22.6704,0.0637249
22.6804,0.0631422
22.6904,0.0625646
22.7004,0.0619922
22.7104,0.061425
22.7204,0.060863
22.7304,0.0603062
22.7404,0.0597546
22.7504,0.0592073
22.7604,0.0586652
22.7704,0.0581283
22.7804,0.0575957
22.7904,0.0570683
22.8004,0.0565462
22.8104,0.0560283
22.8204,0.0555157
22.8304,0.0550074
22.8404,0.0545034
22.8504,0.0540037
22.8604,0.0535093
22.8704,0.0530191
22.8804,0.0525334
22.8904,0.0520519
22.9004,0.0515747
22.9104,0.0511019
22.9204,0.0506335
22.9304,0.0501694
22.9404,0.0497096
22.9504,0.0492542
22.9604,0.0488031
22.9704,0.0483555
22.9804,0.0479122
22.9904,0.0474732
23.0004,0.0470377
23.0104,0.0466066
23.0204,0.0461789
23.0304,0.0457556
23.0404,0.0453357
23.0504,0.0449202
23.0604,0.0445081
23.0704,0.0440995
23.0804,0.0436953
23.0904,0.0432946
23.1004,0.0428973
23.1104,0.0425034
23.1204,0.042113
23.1304,0.0417261
23.1404,0.0413427
23.1504,0.0409627
23.1604,0.0405862
23.1704,0.0402132
23.1804,0.0398437
23.1904,0.0394777
23.2004,0.0391151
23.2104,0.0387561
23.2204,0.0384005
23.2304,0.0380475
23.2404,0.037698
23.2504,0.037352
23.2604,0.0370085
23.2704,0.0366686
23.2804,0.0363322
23.2904,0.0359983
23.3004,0.035668
23.3104,0.0353402
23.3204,0.035015
23.3304,0.0346934
23.3404,0.0343743
23.3504,0.0340587
23.3604,0.0337458
23.3704,0.0334354
23.3804,0.0331276
23.3904,0.0328234
23.4004,0.0325217
23.4104,0.0322227
23.4204,0.0319263
23.4304,0.0316324
23.4404,0.0313412
23.4504,0.0310525
23.4604,0.0307665
23.4704,0.0304831
23.4804,0.0302023
23.4904,0.0299242
23.5004,0.0296486
23.5104,0.0293757
23.5204,0.0291054
23.5304,0.0288377
23.5404,0.0285727
23.5504,0.0283093
23.5604,0.0280486
23.5704,0.0277905
23.5804,0.027535
23.5904,0.0272813
23.6004,0.0270302
23.6104,0.0267817
23.6204,0.0265349
23.6304,0.0262908
23.6404,0.0260483
23.6504,0.0258086
23.6604,0.0255705
23.6704,0.0253351
23.6804,0.0251014
23.6904,0.0248703
23.7004,0.024641
23.7104,0.0244143
23.7204,0.0241893
23.7304,0.0239661
23.7404,0.0237455
23.7504,0.0235267
23.7604,0.0233095
23.7704,0.0230951
23.7804,0.0228824
23.7904,0.0226714
23.8004,0.0224621
23.8104,0.0222546
23.8204,0.0220497
23.8305,0.0218466
23.8405,0.0216452
23.8505,0.0214456
23.8605,0.0212477
23.8705,0.0210515
23.8805,0.0208571
23.8905,0.0206644
23.9005,0.0204735
23.9105,0.0202843
23.9205,0.0200969
23.9305,0.0199112
23.9405,0.0197273
23.9505,0.0195451
23.9605,0.0193647
23.9705,0.0191861
23.9805,0.0190092
23.9905,0.018834
24.0005,0.0186606
24.0105,0.0184881
24.0205,0.0183173
24.0305,0.0181482
24.0405,0.017981
24.0505,0.0178145
24.0605,0.0176498
24.0705,0.0174869
24.0805,0.0173258
24.0905,0.0171654
24.1005,0.0170069
24.1105,0.0168501
24.1205,0.0166942
24.1305,0.01654
24.1405,0.0163876
24.1505,0.0162361
24.1605,0.0160863
24.1705,0.0159374
24.1805,0.0157902
24.1905,0.0156439
24.2005,0.0154993
24.2105,0.0153556
24.2205,0.0152137
24.2305,0.0150727
24.2405,0.0149334
24.2505,0.0147949
24.2605,0.0146583
24.2705,0.0145225
24.2805,0.0143885
24.2905,0.0142553
24.3005,0.014124
24.3105,0.0139935
24.3205,0.0138638
24.3305,0.0137359
24.3405,0.0136089
24.3505,0.0134828
24.3605,0.0133584
24.3705,0.0132349
24.3805,0.0131123
24.3905,0.0129914
24.4005,0.0128714
24.4105,0.0127523
24.4205,0.012634
24.4305,0.0125176
24.4405,0.012402
24.4505,0.0122872
24.4605,0.0121734
24.4705,0.0120604
24.4805,0.0119492
24.4905,0.0118388
24.5005,0.0117294
24.5105,0.0116208
24.5205,0.011513
24.5305,0.0114062
24.5405,0.0113002
24.5505,0.011196
24.5605,0.0110927
24.5705,0.0109903
24.5805,0.0108887
24.5905,0.010788
24.6005,0.0106882
24.6105,0.0105893
24.6205,0.0104912
24.6305,0.010394
24.6405,0.0102977
24.6505,0.0102023
24.6605,0.0101077
24.6705,0.0100141
24.6805,0.00992127
24.6905,0.00982935
24.7005,0.00973832
24.7105,0.00964817
24.7205,0.0095589
24.7305,0.00947052
24.7405,0.00938302
24.7505,0.00929641
24.7605,0.00921068
24.7705,0.00912488
24.7805,0.00903997
24.7905,0.00895595
24.8005,0.00887282
24.8105,0.00879057
24.8205,0.00870922
24.8305,0.00862875
24.8405,0.00854918
24.8505,0.00846954
24.8605,0.00839079
24.8705,0.00831294
24.8805,0.00823598
24.8905,0.00815992
24.9005,0.00808379
24.9105,0.00800856
24.9205,0.00793423
24.9305,0.00786079
24.9405,0.00778825
24.9505,0.00771565
24.9605,0.00764396
24.9705,0.00757315
24.9805,0.00750325
24.9905,0.0074333
25.0005,0.00736424
25.0105,0.00729609
25.0205,0.00722788
25.0305,0.00716057
25.0405,0.00709417
25.0505,0.00702867
25.0605,0.00696312
25.0705,0.00689847
25.0805,0.00683472
25.0905,0.00677093
25.1005,0.00670804
25.1105,0.00664606
25.1205,0.00658403
25.1305,0.00652291
25.1405,0.0064627
25.1505,0.00640243
25.1605,0.00634308
25.1705,0.00628368
25.1805,0.00622519
25.1905,0.00616761
25.2005,0.00610999
25.2105,0.00605327
25.2205,0.00599747
25.2305,0.00594162
25.2405,0.00588669
25.2505,0.00583171
25.2605,0.00577765
25.2705,0.00572354
25.2805,0.00567035
25.2905,0.00561807
25.3005,0.00556575
25.3105,0.00551435
25.3205,0.00546291
25.3305,0.00541238
25.3405,0.00536181
25.3505,0.00531216
25.3605,0.00526248
25.3705,0.00521371
25.3805,0.0051649
25.3905,0.00511701
25.4005,0.00506909
25.4105,0.00502208
25.4205,0.00497504
25.4305,0.00492891
25.4405,0.00488275
25.4505,0.00483752
25.4605,0.00479224
25.4705,0.00474789
25.4805,0.00470351
25.4905,0.00466004
25.5005,0.00461654
25.5105,0.00457397
25.5205,0.00453136
25.5305,0.00448872
25.5405,0.00444701
25.5505,0.00440526
25.5605,0.00436443
25.5705,0.00432358
25.5805,0.00428365
25.5905,0.00424369
25.6005,0.00420465
25.6105,0.00416559
25.6205,0.00412649
25.6305,0.00408832
25.6405,0.00405013
25.6505,0.00401285
25.6605,0.00397555
25.6705,0.00393823
25.6805,0.00390183
25.6905,0.0038654
25.7005,0.00382895
25.7105,0.00379342
25.7205,0.00375787
25.7305,0.00372324
25.7405,0.00368859
25.7505,0.00365392
25.7605,0.00362017
25.7705,0.0035864
25.7805,0.0035526
25.7905,0.00351974
25.8005,0.00348684
25.8105,0.00345393
25.8205,0.00342194
25.8305,0.00338994
25.8405,0.00335791
25.8505,0.00332681
25.8605,0.00329568
25.8705,0.00326454
25.8805,0.00323432
25.8905,0.00320409
25.9005,0.00317383
25.9105,0.0031445
25.9205,0.00311516
25.9305,0.00308579
25.9405,0.00305735
25.9505,0.0030289
25.9605,0.00300042
25.9705,0.00297288
25.9805,0.00294531
25.9905,0.00291773
26.0005,0.00289013
26.0105,0.00286346
26.0205,0.00283677
26.0305,0.00281006
26.0405,0.00278429
26.0505,0.0027585
26.0605,0.00273269
26.0705,0.00270686
26.0805,0.00268197
26.0905,0.00265706
26.1005,0.00263213
26.1105,0.00260718
26.1205,0.00258317
26.1305,0.00255914
26.1405,0.0025351
26.1505,0.00251104
26.1605,0.00248791
26.1705,0.00246477
26.1805,0.00244161
26.1905,0.00241844
26.2005,0.0023962
26.2105,0.00237395
26.2205,0.00235168
26.2305,0.0023294
26.2405,0.00230805
26.2505,0.00228669
26.2605,0.00226532
26.2705,0.00224392
26.2805,0.00222252
26.2905,0.00220205
26.3005,0.00218157
26.3105,0.00216107
26.3205,0.00214056
26.3305,0.00212099
26.3405,0.00210141
26.3505,0.00208181
26.3605,0.00206219
26.3705,0.00204257
26.3805,0.00202388
26.3905,0.00200518
26.4005,0.00198647
26.4105,0.00196774
26.4205,0.00194901
26.4305,0.00193121
26.4405,0.0019134
26.4505,0.00189557
26.4605,0.00187774
26.4705,0.00185989
26.4805,0.00184203
26.4905,0.00182511
26.5005,0.00180818
26.5105,0.00179124
26.5205,0.00177428
26.5305,0.00175732
26.5405,0.0017413
26.5505,0.00172526
26.5605,0.00170921
26.5705,0.00169316
26.5805,0.00167709
26.5905,0.00166101
26.6005,0.00164587
26.6105,0.00163073
26.6205,0.00161557
26.6305,0.0016004
26.6405,0.00158522
26.6505,0.00157003
26.6605,0.00155579
26.6705,0.00154153
26.6805,0.00152727
26.6905,0.00151299
26.7005,0.00149871
26.7105,0.00148441
26.7205,0.00147011
26.7305,0.00145675
26.7405,0.00144338
26.7505,0.00143
26.7605,0.00141661
26.7705,0.00140322
26.7805,0.00138981
26.7905,0.00137639
26.8005,0.00136392
26.8105,0.00135145
26.8205,0.00133896
26.8305,0.00132646
26.8405,0.00131396
26.8505,0.00130144
26.8605,0.00128892
26.8705,0.00127639
26.8805,0.00126481
26.8905,0.00125322
26.9005,0.00124161
26.9105,0.00123001
26.9205,0.00121839
26.9305,0.00120677
26.9405,0.00119513
26.9505,0.0011835
26.9605,0.0011728
26.9705,0.0011621
26.9805,0.00115139
26.9905,0.00114068
27.0005,0.00112996
27.0105,0.00111923
27.0205,0.00110849
27.0305,0.00109774
27.0405,0.00108699
27.0505,0.00107719
27.0605,0.00106738
27.0705,0.00105756
27.0805,0.00104774
27.0905,0.00103791
27.1005,0.00102807
27.1105,0.00101822
27.1205,0.00100837
27.1305,0.000998517
27.1405,0.000989607
27.1505,0.000980692
27.1605,0.00097177
27.1705,0.000962842
27.1805,0.000953907
27.1905,0.000944967
27.2005,0.000936021
27.2105,0.000927069
27.2205,0.000918112
27.2305,0.000909148
27.2405,0.000900179
27.2505,0.000892158
27.2605,0.000884131
27.2705,0.000876099
27.2805,0.000868061
27.2905,0.000860018
27.3005,0.00085197
27.3105,0.000843916
27.3205,0.000835857
27.3305,0.000827793
27.3405,0.000819723
27.3505,0.000811648
27.3605,0.000803569
27.3705,0.000796438
27.3805,0.000789302
27.3905,0.000782161
27.4005,0.000775015
27.4105,0.000767865
27.4205,0.00076071
27.4305,0.00075355
27.4405,0.000746385
27.4505,0.000739216
27.4605,0.000732042
27.4705,0.000724863
27.4805,0.00071768
27.4905,0.000710493
27.5005,0.000704255
27.5105,0.000698013
27.5205,0.000691766
27.5305,0.000685515
27.5405,0.00067926
27.5505,0.000673001
27.5605,0.000666737
27.5705,0.000660469
27.5805,0.000654198
27.5905,0.000647922
27.6005,0.000641642
27.6105,0.000635359
27.6205,0.000629071
27.6305,0.00062278
27.6405,0.000616485
27.6505,0.000611139
27.6605,0.00060579
27.6705,0.000600438
27.6805,0.000595081
27.6905,0.000589721
27.7005,0.000584357
27.7105,0.00057899
27.7205,0.000573619
27.7305,0.000568245
27.7405,0.000562867
27.7505,0.000557486
27.7605,0.000552102
27.7705,0.000546714
27.7805,0.000541322
27.7905,0.000535928
27.8005,0.00053053
27.8105,0.000525129
27.8205,0.000519725
27.8305,0.000515271
27.8405,0.000510815
27.8505,0.000506355
27.8605,0.000501892
27.8705,0.000497426
27.8805,0.000492957
27.8905,0.000488485
27.9005,0.00048401
27.9105,0.000479532
27.9205,0.000475051
27.9305,0.000470568
27.9405,0.000466082
27.9505,0.000461592
27.9605,0.0004571
27.9705,0.000452606
27.9805,0.000448108
27.9905,0.000443608
28.0005,0.000439105
28.0105,0.000434599
28.0205,0.000430091
28.0305,0.000425581
28.0405,0.000422021
28.0505,0.000418459
28.0605,0.000414894
28.0705,0.000411327
28.0805,0.000407758
28.0905,0.000404186
28.1005,0.000400611
28.1105,0.000397035
28.1205,0.000393455
28.1305,0.000389874
28.1405,0.00038629
28.1505,0.000382704
28.1605,0.000379116
28.1705,0.000375525
28.1805,0.000371932
28.1905,0.000368337
28.2006,0.00036474
28.2106,0.00036114
28.2206,0.000357539
28.2306,0.000353935
28.2406,0.000350329
28.2506,0.000346721
28.2606,0.000343111
28.2706,0.000339499
28.2806,0.000335885
28.2906,0.000332269
28.3006,0.000329605
28.3106,0.000326939
28.3206,0.000324271
28.3306,0.000321601
28.3406,0.000318929
28.3506,0.000316255
28.3606,0.000313579
28.3706,0.000310901
28.3806,0.000308222
28.3906,0.000305541
28.4006,0.000302858
28.4106,0.000300173
28.4206,0.000297487
28.4306,0.000294798
28.4406,0.000292108
28.4506,0.000289417
28.4606,0.000286723
28.4706,0.000284028
28.4806,0.000281332
28.4906,0.000278633
28.5006,0.000275933
28.5106,0.000273232
28.5206,0.000270529
28.5306,0.000267824
28.5406,0.000265118
28.5506,0.00026241
28.5606,0.000259701
28.5706,0.00025699
28.5806,0.000254278
28.5906,0.000251564
28.6006,0.000248849
28.6106,0.000246132
28.6206,0.000243414
28.6306,0.000240694
28.6406,0.000237973
28.6506,0.000236205
28.6606,0.000234435
28.6706,0.000232663
28.6806,0.000230891
28.6906,0.000229117
28.7006,0.000227341
28.7106,0.000225565
28.7206,0.000223787
28.7306,0.000222007
28.7406,0.000220227
28.7506,0.000218445
28.7606,0.000216662
28.7706,0.000214878
28.7806,0.000213092
28.7906,0.000211305
28.8006,0.000209517
28.8106,0.000207728
28.8206,0.000205938
28.8306,0.000204146
28.8406,0.000202354
28.8506,0.00020056
28.8606,0.000198765
28.8706,0.000196969
28.8806,0.000195172
28.8906,0.000193373
28.9006,0.000191574
28.9106,0.000189774
28.9206,0.000187973
28.9306,0.00018617
28.9406,0.000184366
28.9506,0.000182562
28.9606,0.000180756
28.9706,0.00017895
28.9806,0.000177142
28.9906,0.000175333
29.0006,0.000173524
29.0106,0.000171713
29.0206,0.000169902
29.0306,0.000168089
29.0406,0.000166276
29.0506,0.000164461
29.0606,0.000162646
29.0706,0.00016083
29.0806,0.000159013
29.0906,0.000157195
29.1006,0.000155376
29.1106,0.000153556
29.1206,0.000151735
29.1306,0.000149914
29.1406,0.000148092
29.1506,0.000146268
29.1606,0.000144444
29.1706,0.00014262
29.1806,0.000141747
29.1906,0.000140875
29.2006,0.000140001
29.2106,0.000139127
29.2206,0.000138252
29.2306,0.000137376
29.2406,0.000136499
29.2506,0.000135621
29.2606,0.000134743
29.2706,0.000133864
29.2806,0.000132984
29.2906,0.000132103
29.3006,0.000131222
29.3106,0.00013034
29.3206,0.000129457
29.3306,0.000128574
29.3406,0.00012769
29.3506,0.000126805
29.3606,0.00012592
29.3706,0.000125034
29.3806,0.000124147
29.3906,0.000123259
29.4006,0.000122371
29.4106,0.000121483
29.4206,0.000120593
29.4306,0.000119703
29.4406,0.000118812
29.4506,0.000117921
29.4606,0.000117029
29.4706,0.000116137
29.4806,0.000115243
29.4906,0.00011435
29.5006,0.000113455
29.5106,0.00011256
29.5206,0.000111665
29.5306,0.000110769
29.5406,0.000109872
29.5506,0.000108975
29.5606,0.000108077
29.5706,0.000107178
29.5806,0.00010628
29.5906,0.00010538
29.6006,0.00010448
29.6106,0.000103579
29.6206,0.000102678
29.6306,0.000101777
29.6406,0.000100875
29.6506,9.99722e-005
29.6606,9.90689e-005
29.6706,9.81654e-005
29.6806,9.72612e-005
29.6906,9.63565e-005
29.7006,9.54514e-005
29.7106,9.45459e-005
29.7206,9.36399e-005
29.7306,9.27332e-005
29.7406,9.18262e-005
29.7506,9.09189e-005
29.7606,9.00108e-005
29.7706,8.91025e-005
29.7806,8.81936e-005
29.7906,8.72844e-005
29.8006,8.63747e-005
29.8106,8.54644e-005
29.8206,8.45536e-005
29.8306,8.36426e-005
29.8406,8.27314e-005
29.8506,8.18195e-005
29.8606,8.09071e-005
29.8706,7.99945e-005
29.8806,7.90812e-005
29.8906,7.81677e-005
29.9006,7.7254e-005
29.9106,7.63396e-005
29.9206,7.54249e-005
29.9306,7.45101e-005
29.9406,7.35945e-005
29.9506,7.26787e-005
29.9606,7.17625e-005
29.9706,7.08461e-005
29.9806,6.99291e-005
29.9906,6.90118e-005
30.0006,6.8094e-005
30.0106,6.71759e-005
30.0206,6.62576e-005
30.0306,6.53389e-005
30.0406,6.442e-005
30.0506,6.35003e-005
30.0606,6.25807e-005
30.0706,6.16606e-005
30.0806,6.07403e-005
30.0906,5.98195e-005
30.1006,5.88983e-005
30.1106,5.79769e-005
30.1206,5.70552e-005
30.1306,5.61331e-005
30.1406,5.52107e-005
30.1506,5.42881e-005
30.1606,5.33653e-005
30.1706,5.24421e-005
30.1806,5.15183e-005
30.1906,5.05944e-005
30.2006,4.96702e-005
30.2106,4.87458e-005
30.2206,4.7821e-005
30.2306,4.68961e-005
30.2406,4.69245e-005
30.2506,4.69526e-005
30.2606,4.69803e-005
30.2706,4.70078e-005
30.2806,4.7035e-005
30.2906,4.7062e-005
30.3006,4.70888e-005
30.3106,4.71151e-005
30.3206,4.71412e-005
30.3306,4.71671e-005
30.3406,4.71928e-005
30.3506,4.72182e-005
30.3606,4.72434e-005
30.3706,4.72681e-005
30.3806,4.72928e-005
30.3906,4.73171e-005
30.4006,4.73412e-005
30.4106,4.73652e-005
30.4206,4.73888e-005
30.4306,4.74122e-005
30.4406,4.74354e-005
30.4506,4.74583e-005
30.4606,4.7481e-005
30.4706,4.75037e-005
30.4806,4.75259e-005
30.4906,4.75477e-005
30.5006,4.75697e-005
30.5106,4.75913e-005
30.5206,4.76126e-005
30.5306,4.76339e-005
30.5406,4.76548e-005
30.5506,4.76757e-005
30.5606,4.76964e-005
30.5706,4.67629e-005
30.5806,4.67829e-005
30.5906,4.68028e-005
30.6006,4.68226e-005
30.6106,4.68421e-005
30.6206,4.68614e-005
30.6306,4.68804e-005
30.6406,4.68995e-005
30.6506,4.69181e-005
30.6606,4.69367e-005
30.6706,4.69551e-005
30.6806,4.69733e-005
30.6906,4.69912e-005
30.7006,4.70091e-005
30.7106,4.70266e-005
30.7206,4.70443e-005
30.7306,4.70615e-005
30.7406,4.70788e-005
30.7506,4.70958e-005
30.7606,4.71126e-005
30.7706,4.71294e-005
30.7806,4.71457e-005
30.7906,4.71621e-005
30.8006,4.71782e-005
30.8106,4.71941e-005
30.8206,4.721e-005
30.8306,4.72259e-005
30.8406,4.72413e-005
30.8506,4.72565e-005
30.8606,4.72719e-005
30.8706,4.72869e-005
30.8806,4.73019e-005
30.8906,4.73166e-005
30.9006,4.73312e-005
30.9106,4.73457e-005
30.9206,4.736e-005
30.9306,4.73743e-005
30.9406,4.73881e-005
30.9506,4.74022e-005
30.9606,4.74158e-005
30.9706,4.74294e-005
30.9806,4.7443e-005
30.9906,4.74564e-005
31.0006,4.74696e-005
31.0106,4.74825e-005
31.0206,4.74957e-005
31.0306,4.75084e-005
31.0406,4.75211e-005
31.0506,4.75338e-005
31.0606,4.75461e-005
31.0706,4.75583e-005
31.0806,4.75706e-005
31.0906,4.75826e-005
31.1006,4.75946e-005
31.1106,4.76067e-005
31.1206,4.76183e-005
31.1306,4.76298e-005
31.1406,4.76414e-005
31.1506,4.76527e-005
31.1606,4.76639e-005
31.1706,4.7675e-005
31.1806,4.76861e-005
31.1906,4.67433e-005
31.2006,4.67542e-005
31.2106,4.67651e-005
31.2206,4.67756e-005
31.2306,4.6786e-005
31.2406,4.67964e-005
31.2506,4.68066e-005
31.2606,4.68169e-005
31.2706,4.68271e-005
31.2806,4.68368e-005
31.2906,4.68468e-005
31.3006,4.68566e-005
31.3106,4.68663e-005
31.3206,4.68759e-005
31.3306,4.68856e-005
31.3406,4.68949e-005
31.3506,4.69042e-005
31.3606,4.69135e-005
31.3706,4.69226e-005
31.3806,4.69317e-005
31.3906,4.69405e-005
31.4006,4.69494e-005
31.4106,4.69582e-005
31.4206,4.69669e-005
31.4306,4.69755e-005
31.4406,4.69839e-005
31.4506,4.69923e-005
31.4606,4.70007e-005
31.4706,4.70089e-005
31.4806,4.7017e-005
31.4906,4.70252e-005
31.5006,4.70331e-005
31.5106,4.70411e-005
31.5206,4.70488e-005
31.5306,4.70567e-005
31.5406,4.70645e-005
31.5506,4.70719e-005
31.5606,4.70794e-005
31.5706,4.70869e-005
31.5806,4.70944e-005
31.5906,4.71017e-005
31.6006,4.71089e-005
31.6106,4.7116e-005
31.6206,4.7123e-005
31.6306,4.71303e-005
31.6406,4.71371e-005
31.6506,4.71439e-005
31.6606,4.71509e-005
31.6706,4.71575e-005
31.6806,4.71643e-005
31.6906,4.71709e-005
31.7006,4.71775e-005
31.7106,4.71838e-005
31.7206,4.71904e-005
31.7306,4.71968e-005
31.7406,4.72031e-005
31.7506,4.72093e-005
31.7606,4.72154e-005
31.7706,4.72215e-005
31.7806,4.72276e-005
31.7906,4.72338e-005
31.8006,4.72397e-005
31.8106,4.72456e-005
31.8206,4.72512e-005
31.8306,4.72569e-005
31.8406,4.72628e-005
31.8506,4.72683e-005
31.8606,4.72739e-005
31.8706,4.72794e-005
31.8806,4.72848e-005
31.8906,4.72903e-005
31.9006,4.72957e-005
31.9106,4.73009e-005
31.9206,4.73062e-005
31.9306,4.73114e-005
31.9406,4.73164e-005
31.9506,4.73216e-005
31.9606,4.73266e-005
31.9706,4.73316e-005
31.9806,4.73366e-005
31.9906,4.73416e-005
32.0006,4.73463e-005
32.0106,4.73511e-005
32.0206,4.73559e-005
32.0306,4.73606e-005
32.0406,4.73652e-005
32.0506,4.73699e-005
32.0606,4.73745e-005
32.0706,4.7379e-005
32.0806,4.73833e-005
32.0906,4.73879e-005
32.1006,4.73922e-005
32.1106,4.73967e-005
32.1206,4.74008e-005
32.1306,4.74051e-005
32.1406,4.74092e-005
32.1506,4.74135e-005
32.1606,4.74176e-005
32.1706,4.74217e-005
32.1806,4.74258e-005
32.1906,4.74296e-005
32.2006,4.74337e-005
32.2106,4.74376e-005
32.2206,4.74414e-005
32.2306,4.74453e-005
32.2406,4.74491e-005
32.2506,4.74528e-005
32.2606,4.74564e-005
32.2706,4.746e-005
32.2806,4.74637e-005
32.2906,4.74673e-005
32.3006,4.74709e-005
32.3106,4.74748e-005
32.3206,4.74782e-005
32.3306,4.74816e-005
32.3406,4.7485e-005
32.3506,4.74884e-005
32.3606,4.74918e-005
32.3706,4.74952e-005
32.3806,4.74984e-005
32.3906,4.75016e-005
32.4006,4.7505e-005
32.4106,4.75081e-005
32.4206,4.75113e-005
32.4306,4.75145e-005
32.4406,4.75174e-005
32.4506,4.75206e-005
32.4606,4.75236e-005
32.4706,4.75268e-005
32.4806,4.75297e-005
32.4906,4.75327e-005
32.5006,4.75356e-005
32.5106,4.75383e-005
32.5205,4.75413e-005
32.5305,4.7544e-005
32.5405,4.7547e-005
32.5505,4.75499e-005
32.5605,4.75526e-005
32.5705,4.75551e-005
32.5805,4.75578e-005
32.5905,4.75606e-005
32.6005,4.75633e-005
32.6105,4.7566e-005
32.6205,4.75685e-005
32.6305,4.7571e-005
32.6405,4.75735e-005
32.6505,4.7576e-005
32.6605,4.75785e-005
32.6705,4.7581e-005
32.6805,4.75835e-005
32.6905,4.7586e-005
32.7005,4.75883e-005
32.7105,4.75905e-005
32.7205,4.75928e-005
32.7305,4.75951e-005
32.7405,4.75976e-005
32.7505,4.75998e-005
32.7605,4.76021e-005
32.7705,4.76044e-005
32.7805,4.76066e-005
32.7905,4.76087e-005
32.8005,4.7611e-005
32.8105,4.7613e-005
32.8205,4.7615e-005
32.8305,4.76171e-005
32.8405,4.76193e-005
32.8505,4.76214e-005
32.8605,4.76234e-005
32.8705,4.76257e-005
32.8805,4.76275e-005
32.8905,4.76293e-005
32.9005,4.76314e-005
32.9105,4.76332e-005
32.9205,4.76352e-005
32.9305,4.76371e-005
32.9405,4.76391e-005
32.9505,4.76409e-005
32.9605,4.76427e-005
32.9705,4.76448e-005
32.9805,4.76464e-005
32.9905,4.76482e-005
33.0005,4.765e-005
33.0105,4.76516e-005
33.0205,4.76534e-005
33.0305,4.7655e-005
33.0405,4.76568e-005
33.0505,4.76584e-005
33.0605,4.76602e-005
33.0705,4.7662e-005
33.0805,4.76636e-005
33.0905,4.76652e-005
33.1005,4.76668e-005
33.1105,4.76681e-005
33.1204,4.76697e-005
33.1304,4.76713e-005
33.1404,4.76729e-005
33.1504,4.76743e-005
33.1604,4.76759e-005
33.1704,4.76774e-005
33.1804,4.7679e-005
33.1904,4.76804e-005
33.2004,4.7682e-005
33.2104,4.76833e-005
33.2204,4.76847e-005
33.2304,4.67324e-005
33.2404,4.67338e-005
33.2504,4.67351e-005
33.2604,4.67365e-005
33.2704,4.67376e-005
33.2804,4.6739e-005
33.2904,4.67403e-005
33.3004,4.67417e-005
33.3104,4.67431e-005
33.3204,4.67444e-005
33.3304,4.67458e-005
33.3404,-2.17798
33.3504,-2.1562
33.3604,-2.13471
33.3704,-2.11349
33.3804,-2.09255
33.3904,-2.07188
33.4004,-2.05147
33.4104,-2.03134
33.4204,-2.01146
33.4304,-1.99184
33.4404,-1.97248
33.4504,-1.95336
33.4604,-1.9345
33.4704,-1.91587
33.4804,-1.89749
33.4904,-1.87935
33.5004,-1.86143
33.5104,-1.84375
33.5204,-1.8263
33.5304,-1.80907
33.5404,-1.79206
33.5504,-1.77527
33.5604,-1.7587
33.5704,-1.74234
33.5804,-1.72619
33.5904,-1.71024
33.6004,-1.6945
33.6104,-1.67896
33.6204,-1.66362
33.6304,-1.64847
33.6404,-1.63351
33.6504,-1.61875
33.6604,-1.60417
33.6704,-1.58978
33.6804,-1.57556
33.6904,-1.56153
33.7004,-1.54768
33.7104,-1.534
33.7203,-1.52049
33.7303,-1.50715
33.7403,-1.49398
33.7503,-1.48098
33.7603,-1.46814
33.7703,-1.45545
33.7803,-1.44293
33.7903,-1.43056
33.8003,-1.41835
33.8103,-1.40629
33.8203,-1.39438
33.8303,-1.38261
33.8403,-1.371
33.8503,-1.35952
33.8603,-1.34819
33.8703,-1.33699
33.8803,-1.32594
33.8903,-1.31502
33.9003,-1.30423
33.9103,-1.29358
33.9203,-1.28305
33.9303,-1.27266
33.9403,-1.26239
33.9503,-1.25224
33.9603,-1.24222
33.9703,-1.23232
33.9803,-1.22254
33.9903,-1.21288
34.0003,-1.20333
34.0103,-1.1939
34.0203,-1.18458
34.0303,-1.17537
34.0403,-1.16627
34.0503,-1.15728
34.0603,-1.1484
34.0703,-1.13962
34.0803,-1.13095
34.0903,-1.12238
34.1003,-1.11391
34.1103,-1.10554
34.1203,-1.09726
34.1303,-1.08909
34.1403,-1.08101
34.1503,-1.07302
34.1603,-1.06513
34.1703,-1.05733
34.1803,-1.04962
34.1903,-1.042
34.2003,-1.03446
34.2103,-1.02701
34.2203,-1.01965
34.2303,-1.01237
34.2403,-1.00518
34.2503,-0.998067
34.2603,-0.991035
34.2703,-0.984083
34.2803,-0.977209
34.2903,-0.970412
34.3003,-0.963691
34.3102,-0.957047
34.3202,-0.950477
34.3302,-0.94398
34.3402,-0.937555
34.3502,-0.931202
34.3602,-0.924919
34.3702,-0.918705
34.3802,-0.91256
34.3902,-0.906481
34.4002,-0.90047
34.4102,-0.894524
34.4202,-0.888642
34.4302,-0.882825
34.4402,-0.87707
34.4502,-0.871377
34.4602,-0.865746
34.4702,-0.860175
34.4802,-0.854663
34.4902,-0.84921
34.5002,-0.843815
34.5102,-0.838477
34.5202,-0.833196
34.5302,-0.82797
34.5402,-0.8228
34.5502,-0.817683
34.5602,-0.81262
34.5702,-0.807609
34.5802,-0.802651
34.5902,-0.797745
34.6002,-0.792888
34.6102,-0.788082
34.6202,-0.783324
34.6302,-0.778615
34.6402,-0.773954
34.6502,-0.769341
34.6602,-0.764774
34.6702,-0.760254
34.6802,-0.755778
34.6902,-0.751347
34.7002,-0.746961
34.7102,-0.742619
34.7202,-0.738319
34.7302,-0.734062
34.7402,-0.729846
34.7502,-0.725672
34.7602,-0.721539
34.7702,-0.717447
34.7802,-0.713393
34.7902,-0.70938
34.8002,-0.705405
34.8102,-0.701468
34.8202,-0.697569
34.8302,-0.693707
34.8402,-0.689882
34.8502,-0.686092
34.8602,-0.68234
34.8702,-0.678621
34.8802,-0.674938
34.8902,-0.67129
34.9002,-0.667675
34.9101,-0.664094
34.9201,-0.660546
34.9301,-0.657031
34.9401,-0.653548
34.9501,-0.650097
34.9601,-0.646677
34.9701,-0.643288
34.9801,-0.63993
34.9901,-0.636603
35.0001,-0.633305
35.0101,-0.630036
35.0201,-0.626797
35.0301,-0.623587
35.0401,-0.620405
35.0501,-0.617251
35.0601,-0.614125
35.0701,-0.611026
35.0801,-0.607954
35.0901,-0.604908
35.1001,-0.601889
35.1101,-0.598896
35.1201,-0.595928
35.1301,-0.592986
35.1401,-0.590069
35.1501,-0.587177
35.1601,-0.584309
35.1701,-0.581465
35.1801,-0.578645
35.1901,-0.575849
35.2001,-0.573076
35.2101,-0.570326
35.2201,-0.567599
35.2301,-0.564894
35.2401,-0.562211
35.2501,-0.55955
35.2601,-0.556912
35.2701,-0.554293
35.2801,-0.551697
35.2901,-0.549121
35.3001,-0.546565
35.3101,-0.544031
35.3201,-0.541515
35.3301,-0.539021
35.3401,-0.536545
35.3501,-0.53409
35.3601,-0.531653
35.3701,-0.529235
35.3801,-0.526837
35.3901,-0.524457
35.4001,-0.522095
35.4101,-0.51975
35.4201,-0.517424
35.4301,-0.515115
35.4401,-0.512825
35.4501,-0.510551
35.4601,-0.508294
35.4701,-0.506055
35.4801,-0.503832
35.4901,-0.501625
35.5,-0.499435
35.51,-0.497261
35.52,-0.495103
35.53,-0.492961
35.54,-0.490834
35.55,-0.488722
35.56,-0.486626
35.57,-0.484545
35.58,-0.482478
35.59,-0.480427
35.6,-0.47839
35.61,-0.476368
35.62,-0.47436
35.63,-0.472366
35.64,-0.470386
35.65,-0.46842
35.66,-0.466468
35.67,-0.464529
35.68,-0.462603
35.69,-0.46069
35.7,-0.458791
35.71,-0.456904
35.72,-0.45503
35.73,-0.45317
35.74,-0.451321
35.75,-0.449485
35.76,-0.447662
35.77,-0.44585
35.78,-0.444051
35.79,-0.442263
35.8,-0.440488
35.81,-0.438723
35.82,-0.43697
35.83,-0.435229
35.84,-0.433498
35.85,-0.431779
35.86,-0.430071
35.87,-0.428373
35.88,-0.426687
35.89,-0.425011
35.9,-0.423346
35.91,-0.421692
35.92,-0.420048
35.93,-0.418414
35.94,-0.41679
35.95,-0.415177
35.96,-0.413574
35.97,-0.41198
35.98,-0.410397
35.99,-0.408823
36,-0.407258
36.01,-0.405704
36.02,-0.404158
36.03,-0.402622
36.04,-0.401095
36.05,-0.399577
36.06,-0.398068
36.07,-0.396569
36.08,-0.395078
36.09,-0.393596
36.0999,-0.392123
36.1099,-0.390658
36.1199,-0.389202
36.1299,-0.387754
36.1399,-0.386315
36.1499,-0.384884
36.1599,-0.383461
36.1699,-0.382047
36.1799,-0.38064
36.1899,-0.379242
36.1999,-0.377852
36.2099,-0.376469
36.2199,-0.375094
36.2299,-0.373727
36.2399,-0.372368
36.2499,-0.371015
36.2599,-0.369672
36.2699,-0.368335
36.2799,-0.367006
36.2899,-0.365684
36.2999,-0.36437
36.3099,-0.363062
36.3199,-0.361762
36.3299,-0.360468
36.3399,-0.359182
36.3499,-0.357903
36.3599,-0.35663
36.3699,-0.355364
36.3799,-0.354105
36.3899,-0.352853
36.3999,-0.351608
36.4099,-0.350369
36.4199,-0.349136
36.4299,-0.34791
36.4399,-0.346691
36.4499,-0.345478
36.4599,-0.344271
36.4699,-0.34307
36.4799,-0.341876
36.4899,-0.340688
36.4999,-0.339506
36.5099,-0.33833
36.5199,-0.33716
36.5299,-0.335997
36.5399,-0.334839
36.5499,-0.333687
36.5599,-0.33254
36.5699,-0.3314
36.5799,-0.330265
36.5899,-0.329136
36.5999,-0.328013
36.6099,-0.326896
36.6199,-0.325783
36.6299,-0.324676
36.6399,-0.323575
36.6499,-0.32248
36.6599,-0.32139
36.6699,-0.320305
36.6799,-0.319224
36.6898,-0.31815
36.6998,-0.317081
36.7098,-0.316016
36.7198,-0.314957
36.7298,-0.313903
36.7398,-0.312853
36.7498,-0.311809
36.7598,-0.31077
36.7698,-0.309736
36.7798,-0.308706
36.7898,-0.307682
36.7998,-0.306663
36.8098,-0.305649
36.8198,-0.304639
36.8298,-0.303634
36.8398,-0.302634
36.8498,-0.301639
36.8598,-0.300648
36.8698,-0.299661
36.8798,-0.298679
36.8898,-0.297702
36.8998,-0.296729
36.9098,-0.295761
36.9198,-0.294798
36.9298,-0.293838
36.9398,-0.292883
36.9498,-0.291933
36.9598,-0.290986
36.9698,-0.290044
36.9798,-0.289107
36.9898,-0.288173
36.9998,-0.287243
37.0098,-0.286318
37.0198,-0.285397
37.0298,-0.28448
37.0398,-0.283567
37.0498,-0.282658
37.0598,-0.281753
37.0698,-0.280853
37.0798,-0.279956
37.0898,-0.279062
37.0998,-0.278173
37.1098,-0.277288
37.1198,-0.276407
37.1298,-0.27553
37.1398,-0.274656
37.1498,-0.273786
37.1598,-0.27292
37.1698,-0.272058
37.1798,-0.271199
37.1898,-0.270343
37.1998,-0.269492
37.2098,-0.268644
37.2198,-0.2678
37.2298,-0.26696
37.2398,-0.266124
37.2498,-0.26529
37.2598,-0.26446
37.2698,-0.263634
37.2798,-0.262812
37.2897,-0.261992
37.2997,-0.261177
37.3097,-0.260364
37.3197,-0.259555
37.3297,-0.258749
37.3397,-0.257947
37.3497,-0.257148
37.3597,-0.256353
37.3697,-0.255561
37.3797,-0.254771
37.3897,-0.253986
37.3997,-0.253204
37.4097,-0.252424
37.4197,-0.251648
37.4297,-0.250875
37.4397,-0.250105
37.4497,-0.249338
37.4597,-0.248575
37.4697,-0.247815
37.4797,-0.247057
37.4897,-0.246302
37.4997,-0.245551
37.5097,-0.244803
37.5197,-0.244057
37.5297,-0.243315
37.5397,-0.242577
37.5497,-0.24184
37.5597,-0.241107
37.5697,-0.240377
37.5797,-0.239649
37.5897,-0.238924
37.5997,-0.238203
37.6097,-0.237484
37.6197,-0.236768
37.6297,-0.236054
37.6397,-0.235344
37.6497,-0.234637
37.6597,-0.233932
37.6697,-0.23323
37.6797,-0.23253
37.6897,-0.231834
37.6997,-0.23114
37.7097,-0.230449
37.7197,-0.229761
37.7297,-0.229075
37.7397,-0.228392
37.7497,-0.227712
37.7597,-0.227034
37.7697,-0.226358
37.7797,-0.225685
37.7897,-0.225016
37.7997,-0.224348
37.8097,-0.223684
37.8197,-0.223022
37.8297,-0.222362
37.8397,-0.221704
37.8497,-0.221049
37.8597,-0.220397
37.8697,-0.219747
37.8797,-0.2191
37.8896,-0.218455
37.8996,-0.217813
37.9096,-0.217172
37.9196,-0.216535
37.9296,-0.215899
37.9396,-0.215266
37.9496,-0.214636
37.9596,-0.214007
37.9696,-0.213382
37.9796,-0.212759
37.9896,-0.212137
37.9996,-0.211519
38.0096,-0.210902
38.0196,-0.210289
38.0296,-0.209677
38.0396,-0.209067
38.0496,-0.20846
38.0596,-0.207854
38.0696,-0.207251
38.0796,-0.206651
38.0896,-0.206052
38.0996,-0.205455
38.1096,-0.204861
38.1196,-0.204269
38.1296,-0.203679
38.1396,-0.203091
38.1496,-0.202505
38.1596,-0.201922
38.1696,-0.201342
38.1796,-0.200762
38.1896,-0.200186
38.1996,-0.199611
38.2096,-0.199038
38.2196,-0.198467
38.2296,-0.197898
38.2396,-0.197332
38.2496,-0.196767
38.2596,-0.196205
38.2696,-0.195644
38.2796,-0.195086
38.2896,-0.194529
38.2996,-0.193974
38.3096,-0.193422
38.3196,-0.192871
38.3296,-0.192322
38.3396,-0.191775
38.3496,-0.19123
38.3596,-0.190687
38.3696,-0.190146
38.3796,-0.189607
38.3896,-0.18907
38.3996,-0.188534
38.4096,-0.188001
38.4196,-0.18747
38.4296,-0.18694
38.4396,-0.186412
38.4496,-0.185886
38.4596,-0.185362
38.4696,-0.184839
38.4795,-0.184319
38.4895,-0.1838
38.4995,-0.183284
38.5095,-0.182768
38.5195,-0.182255
38.5295,-0.181744
38.5395,-0.181234
38.5495,-0.180727
38.5595,-0.18022
38.5695,-0.179716
38.5795,-0.179213
38.5895,-0.178713
38.5995,-0.178213
38.6095,-0.177715
38.6195,-0.17722
38.6295,-0.176726
38.6395,-0.176234
38.6495,-0.175743
38.6595,-0.175254
38.6695,-0.174766
38.6795,-0.17428
38.6895,-0.173796
38.6995,-0.173314
38.7095,-0.172834
38.7195,-0.172355
38.7295,-0.171878
38.7395,-0.171402
38.7495,-0.170928
38.7595,-0.170456
38.7695,-0.169985
38.7795,-0.169516
38.7895,-0.169047
38.7995,-0.168581
38.8095,-0.168115
38.8195,-0.167652
38.8295,-0.16719
38.8395,-0.166731
38.8495,-0.166272
38.8595,-0.165816
38.8695,-0.16536
38.8795,-0.164906
38.8895,-0.164454
38.8995,-0.164003
38.9095,-0.163554
38.9195,-0.163106
38.9295,-0.162659
38.9395,-0.162214
38.9495,-0.161771
38.9595,-0.161329
38.9695,-0.160888
38.9795,-0.160449
38.9895,-0.160012
38.9995,-0.159576
39.0095,-0.159141
39.0195,-0.158708
39.0295,-0.158276
39.0395,-0.157845
39.0495,-0.157416
39.0595,-0.156988
39.0695,-0.156562
39.0794,-0.156137
39.0894,-0.155714
39.0994,-0.155292
39.1094,-0.154871
39.1194,-0.154452
39.1294,-0.154034
39.1394,-0.153617
39.1494,-0.153202
39.1594,-0.152789
39.1694,-0.152376
39.1794,-0.151965
39.1894,-0.151556
39.1994,-0.151148
39.2094,-0.150741
39.2194,-0.150334
39.2294,-0.14993
39.2394,-0.149527
39.2494,-0.149126
39.2594,-0.148725
39.2694,-0.148326
39.2794,-0.147928
39.2894,-0.147531
39.2994,-0.147136
39.3094,-0.146741
39.3194,-0.146348
39.3294,-0.145956
39.3394,-0.145566
39.3494,-0.145177
39.3594,-0.14479
39.3694,-0.144403
39.3794,-0.144018
39.3894,-0.143634
39.3994,-0.143251
39.4094,-0.142869
39.4194,-0.142488
39.4294,-0.142109
39.4394,-0.141731
39.4494,-0.141354
39.4594,-0.140979
39.4694,-0.140604
39.4794,-0.140231
39.4894,-0.13986
39.4994,-0.139488
39.5094,-0.139118
39.5194,-0.138749
39.5294,-0.138381
39.5394,-0.138015
39.5494,-0.13765
39.5594,-0.137286
39.5694,-0.136923
39.5794,-0.136561
39.5894,-0.1362
39.5994,-0.135841
39.6094,-0.135482
39.6194,-0.135125
39.6294,-0.134768
39.6394,-0.134414
39.6494,-0.13406
39.6594,-0.133707
39.6693,-0.133355
39.6793,-0.133005
39.6893,-0.132655
39.6993,-0.132307
39.7093,-0.13196
39.7193,-0.131613
39.7293,-0.131268
39.7393,-0.130924
39.7493,-0.130581
39.7593,-0.130239
39.7693,-0.129898
39.7793,-0.129558
39.7893,-0.129219
39.7993,-0.128881
39.8093,-0.128544
39.8193,-0.128209
39.8293,-0.127874
39.8393,-0.12754
39.8493,-0.127208
39.8593,-0.126876
39.8693,-0.126546
39.8793,-0.126216
39.8893,-0.125888
39.8993,-0.12556
39.9093,-0.125233
39.9193,-0.124908
39.9293,-0.124583
39.9393,-0.12426
39.9493,-0.123937
39.9593,-0.123615
39.9693,-0.123294
39.9793,-0.122975
39.9893,-0.122656
39.9993,-0.122339
40.0093,-0.122022
40.0193,-0.121706
40.0293,-0.121392
40.0393,-0.121078
40.0493,-0.120764
40.0593,-0.120452
40.0693,-0.120141
40.0793,-0.119831
40.0893,-0.119521
40.0993,-0.119213
40.1093,-0.118906
40.1193,-0.118599
40.1293,-0.118293
40.1393,-0.117989
40.1493,-0.117686
40.1593,-0.117383
40.1693,-0.117081
40.1793,-0.11678
40.1893,-0.11648
40.1993,-0.116181
40.2093,-0.115883
40.2193,-0.115585
40.2293,-0.115289
40.2393,-0.114993
40.2493,-0.114698
40.2593,-0.114404
40.2692,-0.11411
40.2792,-0.113818
40.2892,-0.113527
40.2992,-0.113237
40.3092,-0.112948
40.3192,-0.11266
40.3292,-0.112373
40.3392,-0.112086
40.3492,-0.1118
40.3592,-0.111515
40.3692,-0.111231
40.3792,-0.110948
40.3892,-0.110666
40.3992,-0.110384
40.4092,-0.110104
40.4192,-0.109823
40.4292,-0.109543
40.4392,-0.109264
40.4492,-0.108986
40.4592,-0.108709
40.4692,-0.108433
40.4792,-0.108158
40.4892,-0.107883
40.4992,-0.10761
40.5092,-0.107337
40.5192,-0.107065
40.5292,-0.106793
40.5392,-0.106523
40.5492,-0.106253
40.5592,-0.105984
40.5692,-0.105717
40.5792,-0.105449
40.5892,-0.105182
40.5992,-0.104916
40.6092,-0.104651
40.6192,-0.104387
40.6292,-0.104124
40.6392,-0.103861
40.6492,-0.103599
40.6592,-0.103338
40.6692,-0.103077
40.6792,-0.102818
40.6892,-0.102559
40.6992,-0.102301
40.7092,-0.102043
40.7192,-0.101787
40.7292,-0.101531
40.7392,-0.101276
40.7492,-0.101021
40.7592,-0.100768
40.7692,-0.100514
40.7792,-0.100262
40.7892,-0.100011
40.7992,-0.0997601
40.8092,-0.09951
40.8192,-0.099261
40.8292,-0.0990122
40.8392,-0.0987645
40.8492,-0.0985169
40.8591,-0.0982705
40.8691,-0.0980252
40.8791,-0.09778
40.8891,-0.0975359
40.8991,-0.097292
40.9091,-0.0970492
40.9191,-0.0968066
40.9291,-0.096565
40.9391,-0.0963237
40.9491,-0.0960834
40.9591,-0.0958433
40.9691,-0.0956046
40.9791,-0.0953671
40.9891,-0.0951297
40.9991,-0.0948924
41.0091,-0.0946563
41.0191,-0.0944203
41.0291,-0.0941855
41.0391,-0.0939511
41.0491,-0.0937178
41.0591,-0.0934847
41.0691,-0.0932527
41.0791,-0.0930211
41.0891,-0.0927907
41.0991,-0.0925605
41.1091,-0.0923306
41.1191,-0.092102
41.1291,-0.0918735
41.1391,-0.0916464
41.1491,-0.0914194
41.1591,-0.0911927
41.1691,-0.0909673
41.1791,-0.0907421
41.1891,-0.0905174
41.1991,-0.0902938
41.2091,-0.0900704
41.2191,-0.0898483
41.2291,-0.0896265
41.2391,-0.0894051
41.2491,-0.0891849
41.2591,-0.0889651
41.2691,-0.0887454
41.2791,-0.0885263
41.2891,-0.0883082
41.2991,-0.0880907
41.3091,-0.0878735
41.3191,-0.0876576
41.3291,-0.087442
41.3391,-0.0872267
41.3491,-0.0870118
41.3591,-0.0867983
41.3691,-0.0865851
41.3791,-0.0863722
41.3891,-0.0861599
41.3991,-0.0859486
41.4091,-0.0857379
41.4191,-0.0855276
41.4291,-0.0853175
41.4391,-0.0851078
41.4491,-0.0848996
41.459,-0.0846918
41.469,-0.0844843
41.479,-0.0842771
41.489,-0.0840705
41.499,-0.0838643
41.509,-0.0836596
41.519,-0.0834553
41.529,-0.0832512
41.539,-0.0830475
41.549,-0.0828444
41.559,-0.0826417
41.569,-0.0824395
41.579,-0.0822387
41.589,-0.0820383
41.599,-0.0818385
41.609,-0.0816391
41.619,-0.0814402
41.629,-0.0812417
41.639,-0.0810435
41.649,-0.0808457
41.659,-0.0806484
41.669,-0.0804518
41.679,-0.0802558
41.689,-0.0800601
41.699,-0.079866
41.709,-0.0796723
41.719,-0.079479
41.729,-0.0792863
41.739,-0.079094
41.749,-0.0789022
41.759,-0.0787109
41.769,-0.0785201
41.779,-0.0783297
41.789,-0.0781401
41.799,-0.077951
41.809,-0.0777623
41.819,-0.0775741
41.829,-0.0773864
41.839,-0.0771992
41.849,-0.0770128
41.859,-0.0768259
41.869,-0.0766394
41.879,-0.0764534
41.889,-0.0762682
41.899,-0.0760835
41.909,-0.0758993
41.919,-0.0757158
41.929,-0.0755328
41.939,-0.0753503
41.949,-0.0751685
41.959,-0.0749872
41.969,-0.0748065
41.979,-0.0746264
41.989,-0.0744459
41.999,-0.0742659
42.009,-0.0740867
42.019,-0.0739079
42.029,-0.0737299
42.039,-0.0735524
42.049,-0.0733754
42.0589,-0.0731992
42.0689,-0.0730224
42.0789,-0.0728465
42.0889,-0.072671
42.0989,-0.0724963
42.1089,-0.0723221
42.1189,-0.0721486
42.1289,-0.0719747
42.1389,-0.0718016
42.1489,-0.0716292
42.1589,-0.0714573
42.1689,-0.0712862
42.1789,-0.0711156
42.1889,-0.0709448
42.1989,-0.0707744
42.2089,-0.0706049
42.2189,-0.0704361
42.2289,-0.0702669
42.2389,-0.0700984
42.2489,-0.0699307
42.2589,-0.0697635
42.2689,-0.0695961
42.2789,-0.0694294
42.2889,-0.0692633
42.2989,-0.0690979
42.3089,-0.0689324
42.3189,-0.0687674
42.3289,-0.0686031
42.3389,-0.0684396
42.3489,-0.0682759
42.3589,-0.0681127
42.3689,-0.0679503
42.3789,-0.0677877
42.3889,-0.0676259
42.3989,-0.0674646
42.4089,-0.067304
42.4189,-0.0671433
42.4289,-0.0669833
42.4389,-0.0668242
42.4489,-0.0666648
42.4589,-0.066506
42.4689,-0.0663479
42.4789,-0.0661896
42.4889,-0.0660321
42.4989,-0.0658754
42.5089,-0.0657186
42.5189,-0.0655624
42.5289,-0.0654071
42.5389,-0.0652516
42.5489,-0.0650969
42.5589,-0.064942
42.5689,-0.0647876
42.5789,-0.064634
42.5889,-0.0644802
42.5989,-0.0643272
42.6089,-0.064174
42.6189,-0.0640216
42.6289,-0.0638699
42.6389,-0.0637181
42.6488,-0.0635674
42.6588,-0.0634165
42.6688,-0.0632663
42.6788,-0.0631169
42.6888,-0.0629674
42.6988,-0.0628187
42.7088,-0.0626697
42.7188,-0.0625216
42.7288,-0.0623733
42.7388,-0.0622257
42.7488,-0.062079
42.7588,-0.0619321
42.7688,-0.0617862
42.7788,-0.0616402
42.7888,-0.0614949
42.7988,-0.0613495
42.8088,-0.0612049
42.8188,-0.0610601
42.8288,-0.0609163
42.8388,-0.0607724
42.8488,-0.0606293
42.8588,-0.060486
42.8688,-0.0603437
42.8788,-0.0602013
42.8888,-0.0600597
42.8988,-0.0599179
42.9088,-0.0597772
42.9188,-0.0596363
42.9288,-0.0594962
42.9388,-0.0593559
42.9488,-0.0592167
42.9588,-0.0590773
42.9688,-0.0589387
42.9788,-0.0588002
42.9888,-0.0586615
42.9988,-0.0585237
43.0088,-0.0583859
43.0188,-0.0582489
43.0288,-0.0581118
43.0388,-0.0579757
43.0488,-0.0578395
43.0588,-0.0577043
43.0688,-0.057569
43.0788,-0.0574335
43.0888,-0.0572991
43.0988,-0.0571645
43.1088,-0.0570309
43.1188,-0.0568972
43.1288,-0.0567634
43.1388,-0.0566306
43.1488,-0.0564976
43.1588,-0.0563657
43.1688,-0.0562337
43.1788,-0.0561017
43.1888,-0.0559706
43.1988,-0.0558395
43.2088,-0.0557083
43.2188,-0.0555782
43.2288,-0.0554479
43.2388,-0.0553187
43.2487,-0.0551895
43.2587,-0.0550603
43.2687,-0.0549321
43.2787,-0.0548037
43.2887,-0.0546754
43.2987,-0.054548
43.3087,-0.0544206
43.3187,-0.0542934
43.3287,-0.0541669
43.3387,-0.0540406
43.3487,-0.0539141
43.3587,-0.0537887
43.3687,-0.0536634
43.3787,-0.0535379
43.3887,-0.0534136
43.3987,-0.0532893
43.4087,-0.0531648
43.4187,-0.0530415
43.4287,-0.0529182
43.4387,-0.0527948
43.4487,-0.0526715
43.4587,-0.0525493
43.4687,-0.0524269
43.4787,-0.0523047
43.4887,-0.0521835
43.4987,-0.0520624
43.5087,-0.0519412
43.5187,-0.0518201
43.5287,-0.0517001
43.5387,-0.0515801
43.5487,-0.0514601
43.5587,-0.0513401
43.5687,-0.0512212
43.5787,-0.0511025
43.5887,-0.0509838
43.5987,-0.050865
43.6087,-0.0507473
43.6187,-0.0506297
43.6287,-0.0505122
43.6387,-0.0503948
43.6487,-0.0502785
43.6587,-0.050162
43.6687,-0.0500457
43.6787,-0.0499295
43.6887,-0.0498134
43.6987,-0.0496984
43.7087,-0.0495835
43.7187,-0.0494687
43.7287,-0.049354
43.7387,-0.0492395
43.7487,-0.0491257
43.7587,-0.0490121
43.7687,-0.0488986
43.7787,-0.0487853
43.7887,-0.048672
43.7987,-0.0485598
43.8087,-0.0484478
43.8187,-0.0483358
43.8287,-0.048224
43.8386,-0.0481123
43.8486,-0.0480017
43.8586,-0.0478912
43.8686,-0.0477808
43.8786,-0.0476706
43.8886,-0.0475605
43.8986,-0.0474505
43.9086,-0.0473406
43.9186,-0.0472318
43.9286,-0.0471231
43.9386,-0.0470145
43.9486,-0.0469061
43.9586,-0.0467978
43.9686,-0.0466896
43.9786,-0.0465815
43.9886,-0.0464748
43.9986,-0.0463682
44.0086,-0.0462618
44.0186,-0.0461554
44.0286,-0.0460492
44.0386,-0.0459431
44.0486,-0.0458371
44.0586,-0.0457313
44.0686,-0.0456256
44.0786,-0.0455212
44.0886,-0.045417
44.0986,-0.0453128
44.1086,-0.0452088
44.1186,-0.045105
44.1286,-0.0450012
44.1386,-0.0448979
44.1486,-0.0447947
44.1586,-0.0446916
44.1686,-0.0445886
44.1786,-0.0444858
44.1886,-0.0443843
44.1986,-0.0442829
44.2086,-0.0441817
44.2186,-0.0440806
44.2286,-0.0439796
44.2386,-0.043879
44.2486,-0.0437786
44.2586,-0.0436782
44.2686,-0.043578
44.2786,-0.0434782
44.2886,-0.0433786
44.2986,-0.043279
44.3086,-0.0431799
44.3186,-0.0430808
44.3286,-0.0429819
44.3386,-0.0428832
44.3486,-0.0427848
44.3586,-0.0426866
44.3686,-0.0425885
44.3786,-0.0424908
44.3886,-0.0423932
44.3986,-0.0422957
44.4086,-0.0421987
44.4186,-0.0421027
44.4286,-0.0420069
44.4385,-0.0419114
44.4485,-0.0418161
44.4585,-0.0417212
44.4685,-0.0416264
44.4785,-0.0415318
44.4885,-0.0414375
44.4985,-0.0413425
44.5085,-0.0412475
44.5185,-0.041153
44.5285,-0.0410586
44.5385,-0.0409646
44.5485,-0.0408707
44.5585,-0.0407772
44.5685,-0.0406839
44.5785,-0.0405909
44.5885,-0.0404981
44.5985,-0.0404054
44.6085,-0.0403131
44.6185,-0.040221
44.6285,-0.0401292
44.6385,-0.0400376
44.6485,-0.0399464
44.6585,-0.0398553
44.6685,-0.0397646
44.6785,-0.0396741
44.6885,-0.0395839
44.6985,-0.0394939
44.7085,-0.0394043
44.7185,-0.0393148
44.7285,-0.0392257
44.7385,-0.0391368
44.7485,-0.0390483
44.7585,-0.0389598
44.7685,-0.0388709
44.7785,-0.0387823
44.7885,-0.0386939
44.7985,-0.0386059
44.8085,-0.038518
44.8185,-0.0384305
44.8285,-0.0383432
44.8385,-0.0382562
44.8485,-0.0381697
44.8585,-0.0380833
44.8685,-0.0379973
44.8785,-0.0379114
44.8885,-0.037825
44.8985,-0.0377389
44.9085,-0.0376531
44.9185,-0.0375676
44.9285,-0.0374825
44.9385,-0.0373976
44.9485,-0.037313
44.9585,-0.0372289
44.9685,-0.0371449
44.9785,-0.0370613
44.9885,-0.0369772
44.9985,-0.0368932
45.0085,-0.0368096
45.0185,-0.0367264
45.0285,-0.0366433
45.0384,-0.0365606
45.0484,-0.0364784
45.0584,-0.0363953
45.0684,-0.0363127
45.0784,-0.0362304
45.0884,-0.0361483
45.0984,-0.0360666
45.1084,-0.0359853
45.1184,-0.0359043
45.1284,-0.0358236
45.1384,-0.0357423
45.1484,-0.0356614
45.1584,-0.0355808
45.1684,-0.0355005
45.1784,-0.0354205
45.1884,-0.035341
45.1984,-0.0352609
45.2084,-0.0351809
45.2184,-0.0351013
45.2284,-0.0350222
45.2384,-0.0349434
45.2484,-0.0348651
45.2584,-0.0347859
45.2684,-0.0347072
45.2784,-0.0346288
45.2884,-0.0345509
45.2984,-0.0344734
45.3084,-0.0343963
45.3184,-0.0343183
45.3284,-0.0342408
45.3384,-0.0341637
45.3484,-0.034087
45.3584,-0.0340106
45.3684,-0.0339338
45.3784,-0.0338573
45.3884,-0.033781
45.3984,-0.0337051
45.4084,-0.0336296
45.4184,-0.0335536
45.4284,-0.033478
45.4384,-0.0334027
45.4484,-0.0333279
45.4584,-0.0332535
45.4684,-0.0331783
45.4784,-0.0331035
45.4884,-0.0330291
45.4984,-0.0329551
45.5084,-0.0328805
45.5184,-0.0328064
45.5284,-0.0327327
45.5384,-0.0326594
45.5484,-0.0325865
45.5584,-0.032513
45.5684,-0.03244
45.5784,-0.0323673
45.5884,-0.0322951
45.5984,-0.0322223
45.6084,-0.03215
45.6184,-0.032078
45.6283,-0.0320065
45.6383,-0.0319344
45.6483,-0.0318627
45.6583,-0.0317914
45.6683,-0.0317203
45.6783,-0.0316486
45.6883,-0.0315776
45.6983,-0.031507
45.7083,-0.0314369
45.7183,-0.0313661
45.7283,-0.0312958
45.7383,-0.0312259
45.7483,-0.0311564
45.7583,-0.0310864
45.7683,-0.0310168
45.7783,-0.0309475
45.7883,-0.0308778
45.7983,-0.0308084
45.8083,-0.0307395
45.8183,-0.030671
45.8283,-0.0306019
45.8383,-0.0305332
45.8483,-0.030465
45.8583,-0.0303971
45.8683,-0.0303288
45.8783,-0.0302608
45.8883,-0.0301935
45.8983,-0.0301257
45.9083,-0.0300582
45.9183,-0.0299912
45.9283,-0.0299246
45.9383,-0.0298575
45.9483,-0.0297907
45.9583,-0.0297244
45.9683,-0.0296575
45.9783,-0.0295913
45.9883,-0.0295256
45.9983,-0.0294592
46.0083,-0.0293933
46.0183,-0.0293278
46.0283,-0.0292618
46.0383,-0.0291962
46.0483,-0.0291312
46.0583,-0.0290667
46.0683,-0.0290016
46.0783,-0.0289369
46.0883,-0.0288727
46.0983,-0.0288079
46.1083,-0.0287438
46.1183,-0.0286801
46.1283,-0.0286158
46.1383,-0.028552
46.1483,-0.0284885
46.1583,-0.0284248
46.1683,-0.0283616
46.1783,-0.0282987
46.1883,-0.0282353
46.1983,-0.0281723
46.2083,-0.02811
46.2183,-0.0280471
46.2282,-0.0279846
46.2382,-0.0279226
46.2482,-0.0278603
46.2582,-0.0277984
46.2682,-0.0277369
46.2782,-0.0276749
46.2882,-0.0276135
46.2982,-0.0275516
46.3082,-0.0274902
46.3182,-0.0274291
46.3282,-0.0273678
46.3382,-0.0273068
46.3482,-0.0272463
46.3582,-0.0271853
46.3682,-0.0271249
46.3782,-0.027065
46.3882,-0.0270045
46.3982,-0.0269446
46.4082,-0.0268843
46.4182,-0.0268243
46.4282,-0.0267648
46.4382,-0.026705
46.4482,-0.0266456
46.4582,-0.0265867
46.4682,-0.0265274
46.4782,-0.0264686
46.4882,-0.0264092
46.4982,-0.0263505
46.5082,-0.0262922
46.5182,-0.0262334
46.5282,-0.0261753
46.5382,-0.0261176
46.5482,-0.0260593
46.5582,-0.0260017
46.5682,-0.0259436
46.5782,-0.0258861
46.5882,-0.0258291
46.5982,-0.0257716
46.6082,-0.0257147
46.6182,-0.0256573
46.6282,-0.0256002
46.6382,-0.0255439
46.6482,-0.0254871
46.6582,-0.0254309
46.6682,-0.0253741
46.6782,-0.0253178
46.6882,-0.0252622
46.6982,-0.025206
46.7082,-0.0251506
46.7182,-0.0250945
46.7282,-0.0250389
46.7382,-0.024983
46.7482,-0.0249276
46.7582,-0.0248728
46.7682,-0.0248175
46.7782,-0.0247628
46.7882,-0.0247077
46.7982,-0.0246529
46.8082,-0.0245979
46.8181,-0.0245432
46.8281,-0.0244893
46.8381,-0.0244348
46.8481,-0.024381
46.8581,-0.0243267
46.8681,-0.0242731
46.8781,-0.0242189
46.8881,-0.0241654
46.8981,-0.0241123
46.9081,-0.0240586
46.9181,-0.0240057
46.9281,-0.0239522
46.9381,-0.0238994
46.9481,-0.0238461
46.9581,-0.0237934
46.9681,-0.0237412
46.9781,-0.0236887
46.9881,-0.0236366
46.9981,-0.0235842
47.0081,-0.0235323
47.0181,-0.02348
47.0281,-0.0234282
47.0381,-0.0233762
47.0481,-0.0233245
47.0581,-0.0232726
47.0681,-0.0232213
47.0781,-0.0231705
47.0881,-0.0231194
47.0981,-0.0230687
47.1081,-0.0230177
47.1181,-0.0229672
47.1281,-0.0229164
47.1381,-0.022866
47.1481,-0.0228153
47.1581,-0.0227651
47.1681,-0.0227146
47.1781,-0.0226647
47.1881,-0.0226143
47.1981,-0.0225647
47.2081,-0.0225144
47.2181,-0.0224649
47.2281,-0.0224148
47.2381,-0.0223654
47.2481,-0.0223157
47.2581,-0.0222665
47.2681,-0.0222179
47.2781,-0.0221688
47.2881,-0.0221204
47.2981,-0.0220717
47.3081,-0.0220234
47.3181,-0.0219749
47.3281,-0.0219268
47.3381,-0.0218784
47.3481,-0.0218307
47.3581,-0.0217824
47.3681,-0.0217349
47.3781,-0.0216868
47.3881,-0.0216393
47.3981,-0.0215916
47.4081,-0.0215444
47.418,-0.0214968
47.428,-0.02145
47.438,-0.0214026
47.448,-0.0213559
47.458,-0.0213089
47.468,-0.0212623
47.478,-0.0212155
47.488,-0.0211691
47.498,-0.0211224
47.508,-0.0210764
47.518,-0.0210299
47.528,-0.0209831
47.538,-0.020937
47.548,-0.0208906
47.558,-0.0208446
47.568,-0.0207984
47.578,-0.0207528
47.588,-0.0207067
47.598,-0.0206613
47.608,-0.0206156
47.618,-0.0205704
47.628,-0.0205249
47.638,-0.02048
47.648,-0.0204346
47.658,-0.0203899
47.668,-0.020345
47.678,-0.0203007
47.688,-0.0202559
47.698,-0.0202117
47.708,-0.0201673
47.718,-0.0201234
47.728,-0.0200791
47.738,-0.0200346
47.748,-0.0199908
47.758,-0.0199464
47.768,-0.0199027
47.778,-0.0198588
47.788,-0.0198155
47.798,-0.0197717
47.808,-0.0197286
47.818,-0.0196852
47.828,-0.0196425
47.838,-0.0195992
47.848,-0.0195557
47.858,-0.0195129
47.868,-0.0194698
47.878,-0.0194271
47.888,-0.0193842
47.898,-0.0193419
47.908,-0.0192994
47.918,-0.0192576
47.928,-0.0192152
47.938,-0.0191735
47.948,-0.0191316
47.958,-0.0190893
47.968,-0.0190475
47.978,-0.0190054
47.988,-0.0189641
47.998,-0.0189224
48.0079,-0.0188814
48.0179,-0.0188399
48.0279,-0.0187981
48.0379,-0.018757
48.0479,-0.0187157
48.0579,-0.018675
48.0679,-0.0186341
48.0779,-0.0185935
48.0879,-0.0185527
48.0979,-0.0185117
48.1079,-0.0184713
48.1179,-0.0184307
48.1279,-0.0183904
48.1379,-0.01835
48.1479,-0.0183101
48.1579,-0.0182701
48.1679,-0.0182297
48.1779,-0.0181901
48.1879,-0.0181501
48.1979,-0.0181106
48.2079,-0.0180709
48.2179,-0.0180318
48.2279,-0.0179924
48.2379,-0.0179528
48.2479,-0.0179139
48.2579,-0.0178746
48.2679,-0.0178359
48.2779,-0.0177968
48.2879,-0.0177575
48.2979,-0.0177188
48.3079,-0.0176799
48.3179,-0.0176417
48.3279,-0.0176032
48.3379,-0.0175645
48.3479,-0.0175261
48.3579,-0.0174875
48.3679,-0.0174496
48.3779,-0.0174114
48.3879,-0.017373
48.3979,-0.0173352
48.4079,-0.0172972
48.4179,-0.0172598
48.4279,-0.0172222
48.4379,-0.0171843
48.4479,-0.0171469
48.4579,-0.0171091
48.4679,-0.0170721
48.4779,-0.0170348
48.4879,-0.0169972
48.4979,-0.0169603
48.5079,-0.0169231
48.5179,-0.0168867
48.5279,-0.0168499
48.5379,-0.0168129
48.5479,-0.0167766
48.5579,-0.01674
48.5679,-0.0167031
48.5779,-0.0166667
48.5879,-0.01663
48.5979,-0.016594
48.6078,-0.0165577
48.6178,-0.0165211
48.6278,-0.0164853
48.6378,-0.0164491
48.6478,-0.0164137
48.6578,-0.016378
48.6678,-0.016342
48.6778,-0.0163067
48.6878,-0.0162711
48.6978,-0.0162353
48.7078,-0.0162001
48.7178,-0.0161647
48.7278,-0.01613
48.7378,-0.016095
48.7478,-0.0160597
48.7578,-0.0160252
48.7678,-0.0159903
48.7778,-0.0159552
48.7878,-0.0159208
48.7978,-0.0158861
48.8078,-0.0158511
48.8178,-0.0158169
48.8278,-0.0157823
48.8378,-0.0157485
48.8478,-0.0157144
48.8578,-0.01568
48.8678,-0.0156463
48.8778,-0.0156123
48.8878,-0.0155781
48.8978,-0.0155445
48.9078,-0.0155107
48.9178,-0.0154766
48.9278,-0.0154432
48.9378,-0.0154096
48.9478,-0.0153757
48.9578,-0.0153424
48.9678,-0.0153089
48.9778,-0.0152751
48.9878,-0.015242
48.9978,-0.0152087
49.0078,-0.015176
49.0178,-0.0151431
49.0278,-0.0151099
49.0378,-0.0150774
49.0478,-0.0150446
49.0578,-0.0150115
49.0678,-0.0149792
49.0778,-0.0149466
49.0878,-0.0149137
49.0978,-0.0148815
49.1078,-0.0148493
49.1178,-0.0148168
49.1278,-0.014785
49.1378,-0.0147529
49.1478,-0.0147206
49.1578,-0.014689
49.1678,-0.0146571
49.1778,-0.0146249
49.1878,-0.0145934
49.1978,-0.0145617
49.2077,-0.0145297
49.2177,-0.0144983
49.2277,-0.0144668
49.2377,-0.0144349
49.2477,-0.014404
49.2577,-0.0143728
49.2677,-0.0143414
49.2777,-0.0143106
49.2877,-0.0142796
49.2977,-0.0142483
49.3077,-0.0142177
49.3177,-0.0141869
49.3277,-0.0141557
49.3377,-0.0141253
49.3477,-0.0140946
49.3577,-0.0140639
49.3677,-0.0140338
49.3777,-0.0140035
49.3877,-0.013973
49.3977,-0.0139422
49.4077,-0.013912
49.4177,-0.0138816
49.4277,-0.013851
49.4377,-0.0138212
49.4477,-0.0137913
49.4577,-0.013761
49.4677,-0.0137315
49.4777,-0.0137016
49.4877,-0.0136715
49.4977,-0.0136421
49.5077,-0.0136125
49.5177,-0.0135828
49.5277,-0.0135538
49.5377,-0.0135245
49.5477,-0.013495
49.5577,-0.0134652
49.5677,-0.0134361
49.5777,-0.0134068
49.5877,-0.0133774
49.5977,-0.0133487
49.6077,-0.0133198
49.6177,-0.0132906
49.6277,-0.0132621
49.6377,-0.0132333
49.6477,-0.0132045
49.6577,-0.0131764
49.6677,-0.013148
49.6777,-0.0131194
49.6877,-0.0130905
49.6977,-0.0130623
49.7077,-0.0130341
49.7177,-0.0130056
49.7277,-0.0129778
49.7377,-0.0129498
49.7477,-0.0129214
49.7577,-0.0128938
49.7677,-0.0128662
49.7777,-0.0128383
49.7877,-0.0128101
49.7976,-0.0127826
49.8076,-0.0127549
49.8176,-0.0127271
49.8276,-0.0127001
49.8376,-0.0126728
49.8476,-0.0126452
49.8576,-0.0126173
49.8676,-0.0125904
49.8776,-0.0125632
49.8876,-0.0125358
49.8976,-0.0125091
49.9076,-0.012482
49.9176,-0.012455
49.9276,-0.0124278
49.9376,-0.0124012
49.9476,-0.0123743
49.9576,-0.0123472
49.9676,-0.012321
49.9776,-0.0122946
49.9876,-0.0122679
49.9976,-0.0122409
