Derivative of u
0,78.125
0.01,64.1626
0.02,57.514
0.03,53.1553
0.04,49.9456
0.05,47.4297
0.06,45.3783
0.07,43.6597
0.08,42.191
0.09,40.917
0.1,39.7988
0.11,38.8081
0.12,37.9238
0.13,37.1295
0.14,36.4124
0.15,35.7623
0.16,35.171
0.17,34.6315
0.18,34.1383
0.19,33.6864
0.2,33.272
0.21,32.8916
0.22,32.542
0.23,32.2209
0.24,31.9258
0.25,31.6549
0.26,31.4064
0.27,31.1787
0.28,30.9704
0.29,30.7803
0.3,30.6073
0.31,30.4503
0.32,30.3086
0.33,30.1811
0.34,30.0672
0.35,29.9662
0.36,29.8775
0.37,29.8004
0.38,29.7345
0.39,29.6792
0.4,29.6341
0.41,29.5988
0.42,29.5728
0.43,29.5558
0.44,29.5475
0.45,29.5474
0.46,29.5554
0.47,29.5711
0.48,29.5943
0.49,29.6246
0.5,29.6619
0.51,29.706
0.52,29.7565
0.53,29.8134
0.54,29.8763
0.55,29.9452
0.56,30.0197
0.57,30.0999
0.58,30.1854
0.59,30.2761
0.6,30.372
0.61,30.4727
0.62,30.5782
0.63,30.6883
0.64,30.8029
0.65,30.9219
0.66,31.0452
0.67,31.1725
0.68,31.3038
0.69,31.4389
0.7,31.5778
0.71,31.7203
0.72,31.8663
0.73,32.0158
0.74,32.1684
0.75,32.3243
0.76,32.4832
0.77,32.6451
0.78,32.8098
0.79,32.9773
0.8,33.1474
0.81,33.3201
0.82,33.4952
0.83,33.6726
0.839999,33.8523
0.849999,34.0341
0.859999,34.2179
0.869999,34.4037
0.879999,34.5913
0.889999,34.7806
0.899999,34.9715
0.909999,35.164
0.919999,35.358
0.929999,35.5533
0.939999,35.7498
0.949999,35.9475
0.959999,36.1462
0.969999,36.3459
0.979999,36.5464
0.989999,36.7477
0.999999,36.9496
1.01,37.1521
1.02,37.3551
1.03,37.5584
1.04,37.7621
1.05,37.9659
1.06,38.1697
1.07,38.3736
1.08,38.5774
1.09,38.7809
1.1,38.9842
1.11,39.1871
1.12,39.3895
1.13,39.5913
1.14,39.7925
1.15,39.9929
1.16,40.1924
1.17,40.391
1.18,40.5886
1.19,40.785
1.2,40.9802
1.21,41.1741
1.22,41.3666
1.23,41.5577
1.24,41.7471
1.25,41.935
1.26,42.121
1.27,42.3053
1.28,42.4877
1.29,42.668
1.3,42.8464
1.31,43.0225
1.32,43.1965
1.33,43.3681
1.34,43.5374
1.35,43.7043
1.36,43.8686
1.37,44.0303
1.38,44.1893
1.39,44.3457
1.4,44.4992
1.41,44.6499
1.42,44.7976
1.43,44.9424
1.44,45.0841
1.45,45.2227
1.46,45.3581
1.47,45.4903
1.48,45.6192
1.49,45.7449
1.5,45.8671
1.51,45.9859
1.52,46.1012
1.53,46.213
1.54,46.3213
1.55,46.426
1.56,46.527
1.57,46.6243
1.58,46.718
1.59,46.8079
1.6,46.894
1.61,46.9764
1.62,47.0549
1.63,47.1295
1.64,47.2003
1.65,47.2672
1.66,47.3301
1.67,47.3892
1.68,47.4442
1.69,47.4954
1.7,47.5425
1.71,47.5857
1.72,47.6249
1.73,47.66
1.74,47.6912
1.75,47.7184
1.76,47.7416
1.77,47.7608
1.78,47.776
1.79,47.7872
1.8,47.7944
1.81,47.7977
1.82,47.797
1.83,47.7923
1.84,47.7838
1.85,47.7712
1.86,47.7548
1.87,47.7345
1.88,47.7104
1.89,47.6824
1.9,47.6506
1.91,47.6149
1.92,47.5756
1.93,47.5324
1.94,47.4856
1.95,47.4351
1.96,47.3809
1.97,47.3231
1.98,47.2617
1.99,47.1968
2,47.1283
2.01,47.0564
2.02,46.981
2.03,46.9022
2.04,46.8201
2.05,46.7346
2.06,46.6458
2.07,46.5538
2.08,46.4586
2.09,46.3602
2.1,46.2587
2.11,46.1542
2.12,46.0466
2.13,45.936
2.14,45.8225
2.15,45.7061
2.16,45.5869
2.17,45.4648
2.18,45.34
2.19,45.2126
2.2,45.0824
2.21,44.9497
2.22,44.8144
2.23,44.6766
2.24,44.5364
2.25,44.3937
2.26,44.2487
2.27,44.1014
2.28,43.9518
2.29,43.8
2.3,43.6461
2.31,43.49
2.32,43.3319
2.33,43.1718
2.34,43.0097
2.35,42.8457
2.36,42.6798
2.37,42.5122
2.38,42.3427
2.39,42.1716
2.4,41.9988
2.41,41.8243
2.42,41.6483
2.43,41.4708
2.44,41.2918
2.45,41.1113
2.46,40.9295
2.47,40.7463
2.48,40.5619
2.49,40.3762
2.5,40.1892
2.51,40.0012
2.52,39.812
2.53,39.6217
2.54,39.4305
2.55,39.2382
2.56,39.045
2.57,38.8509
2.58,38.656
2.59,38.4602
2.6,38.2636
2.61,38.0664
2.62,37.8684
2.63,37.6697
2.64,37.4705
2.65,37.2707
2.66,37.0703
2.67,36.8694
2.68,36.668
2.69,36.4662
2.7,36.2641
2.71,36.0615
2.72,35.8586
2.73,35.6554
2.74,35.452
2.75,35.2483
2.76,35.0444
2.77,34.8404
2.78,34.6362
2.79,34.432
2.8,34.2276
2.81,34.0232
2.82,33.8188
2.83,33.6144
2.84,33.41
2.85,33.2057
2.86,33.0015
2.87,32.7974
2.88,32.5935
2.89,32.3897
2.9,32.1862
2.91,31.9828
2.92,31.7797
2.93,31.5768
2.94,31.3743
2.95,31.172
2.96,30.9701
2.97,30.7686
2.98,30.5674
2.99,30.3666
3,30.1662
3.01,29.9662
3.02,29.7667
3.03,29.5677
3.04,29.3692
3.05,29.1711
3.06,28.9736
3.07,28.7767
3.08,28.5802
3.09,28.3844
3.1,28.1891
3.11,27.9945
3.12,27.8004
3.13,27.607
3.14,27.4142
3.15,27.2221
3.16,27.0306
3.17,26.8399
3.18,26.6498
3.19,26.4604
3.2,26.2717
3.21,26.0838
3.22,25.8966
3.23,25.7102
3.24,25.5245
3.25,25.3396
3.26,25.1554
3.27,24.972
3.28,24.7895
3.29,24.6077
3.3,24.4267
3.31,24.2466
3.32,24.0673
3.33,23.8888
3.34,23.7111
3.35,23.5343
3.36,23.3584
3.37,23.1833
3.38,23.0091
3.39,22.8357
3.4,22.6632
3.41,22.4916
3.42,22.3209
3.43,22.151
3.44,21.9821
3.45,21.814
3.46,21.6468
3.47,21.4806
3.48,21.3152
3.49,21.1508
3.5,20.9872
3.51,20.8246
3.52,20.6629
3.53,20.5021
3.54,20.3422
3.55,20.1833
3.56,20.0252
3.57,19.8681
3.58,19.7119
3.59,19.5567
3.6,19.4023
3.61,19.2489
3.62,19.0965
3.63,18.9449
3.64,18.7943
3.65,18.6446
3.66,18.4958
3.67,18.348
3.68,18.2011
3.69,18.0551
3.7,17.91
3.71,17.7659
3.72,17.6227
3.73,17.4804
3.74,17.339
3.75,17.1986
3.76,17.0591
3.77,16.9205
3.78,16.7828
3.79,16.646
3.8,16.5102
3.81,16.3752
3.82,16.2412
3.83,16.1081
3.84,15.9758
3.85,15.8445
3.86,15.7141
3.87,15.5846
3.88,15.4559
3.89,15.3282
3.9,15.2014
3.91,15.0754
3.92,14.9503
3.93,14.8261
3.94,14.7028
3.95,14.5804
3.96,14.4588
3.97,14.3381
3.98,14.2183
3.99,14.0993
4,13.9812
4.01,13.8639
4.02,13.7475
4.03,13.6319
4.04,13.5172
4.05,13.4033
4.06,13.2903
4.07,13.1781
4.08,13.0667
4.09,12.9562
4.1,12.8465
4.11,12.7376
4.12,12.6295
4.13,12.5222
4.14,12.4157
4.15,12.31
4.16,12.2052
4.17,12.1011
4.18,11.9978
4.19,11.8953
4.2,11.7936
4.21,11.6926
4.22,11.5925
4.23,11.4931
4.24,11.3945
4.25,11.2966
4.26,11.1995
4.27,11.1032
4.28,11.0076
4.29,10.9127
4.3,10.8186
4.31,10.7252
4.32,10.6326
4.33,10.5407
4.34,10.4495
4.35,10.359
4.36,10.2693
4.37001,10.1802
4.38001,10.0919
4.39001,10.0042
4.40001,9.9173
4.41001,9.83106
4.42001,9.7455
4.43001,9.66063
4.44001,9.57645
4.45001,9.49294
4.46001,9.4101
4.47001,9.32793
4.48001,9.24643
4.49001,9.16558
4.50001,9.08539
4.51001,9.00585
4.52001,8.92696
4.53001,8.84871
4.54001,8.7711
4.55001,8.69412
4.56001,8.61777
4.57001,8.54204
4.58001,8.46694
4.59001,8.39245
4.60001,8.31858
4.61001,8.24531
4.62001,8.17265
4.63001,8.10059
4.64001,8.02912
4.65001,7.95825
4.66001,7.88796
4.67001,7.81826
4.68001,7.74914
4.69001,7.6806
4.70001,7.61262
4.71001,7.54522
4.72001,7.47837
4.73001,7.41209
4.74001,7.34635
4.75001,7.28117
4.76001,7.21653
4.77001,7.15245
4.78001,7.08891
4.79001,7.02589
4.80001,6.96342
4.81002,6.90146
4.82002,6.84003
4.83002,6.77911
4.84002,6.71872
4.85002,6.65884
4.86002,6.59946
4.87002,6.54059
4.88002,6.48223
4.89002,6.42436
4.90002,6.36698
4.91002,6.31009
4.92002,6.25369
4.93002,6.19777
4.94002,6.14232
4.95002,6.08736
4.96002,6.03287
4.97002,5.97883
4.98002,5.92526
4.99002,5.87216
5.00002,5.81951
5.01002,5.76731
5.02002,5.71556
5.03002,5.66425
5.04002,5.61339
5.05002,5.56297
5.06002,5.51298
5.07002,5.46342
5.08002,5.41429
5.09002,5.3656
5.10002,5.31733
5.11002,5.26946
5.12002,5.22203
5.13002,5.175
5.14002,5.12839
5.15002,5.08217
5.16002,5.03635
5.17002,4.99093
5.18002,4.9459
5.19002,4.90128
5.20002,4.85705
5.21002,4.8132
5.22002,4.76974
5.23002,4.72665
5.24003,4.68393
5.25003,4.64159
5.26003,4.59962
5.27003,4.55803
5.28003,4.5168
5.29003,4.47593
5.30003,4.43543
5.31003,4.39527
5.32003,4.35547
5.33003,4.31603
5.34003,4.27692
5.35003,4.23816
5.36003,4.19973
5.37003,4.16166
5.38003,4.12392
5.39003,4.0865
5.40003,4.04943
5.41003,4.01267
5.42003,3.97624
5.43003,3.94013
5.44003,3.90435
5.45003,3.86888
5.46003,3.83372
5.47003,3.79889
5.48003,3.76435
5.49003,3.73012
5.50003,3.69619
5.51003,3.66258
5.52003,3.62926
5.53003,3.59624
5.54003,3.56351
5.55003,3.53107
5.56003,3.49892
5.57003,3.46706
5.58003,3.43548
5.59003,3.40419
5.60003,3.37317
5.61003,3.34242
5.62003,3.31196
5.63003,3.28175
5.64003,3.25182
5.65003,3.22216
5.66003,3.19277
5.67003,3.16364
5.68004,3.13478
5.69004,3.10617
5.70004,3.07781
5.71004,3.04971
5.72004,3.02185
5.73004,2.99426
5.74004,2.96691
5.75004,2.93981
5.76004,2.91294
5.77004,2.88632
5.78004,2.85993
5.79004,2.83379
5.80004,2.80788
5.81004,2.7822
5.82004,2.75676
5.83004,2.73154
5.84004,2.70655
5.85004,2.68178
5.86004,2.65723
5.87004,2.63291
5.88004,2.6088
5.89004,2.58491
5.90004,2.56124
5.91004,2.53778
5.92004,2.51454
5.93004,2.4915
5.94004,2.46867
5.95004,2.44605
5.96004,2.42364
5.97004,2.40143
5.98004,2.37941
5.99004,2.3576
6.00004,2.33599
6.01004,2.31457
6.02004,2.29334
6.03004,2.2723
6.04004,2.25146
6.05004,2.2308
6.06004,2.21033
6.07004,2.19004
6.08004,2.16995
6.09004,2.15003
6.10004,2.1303
6.11004,2.11074
6.12005,2.09137
6.13005,2.07216
6.14005,2.05313
6.15005,2.03426
6.16005,2.01558
6.17005,1.99707
6.18005,1.97872
6.19005,1.96053
6.20005,1.94252
6.21005,1.92466
6.22005,1.90698
6.23005,1.88945
6.24005,1.87209
6.25005,1.85487
6.26005,1.83781
6.27005,1.82092
6.28005,1.80418
6.29005,1.7876
6.30005,1.77115
6.31005,1.75486
6.32005,1.73871
6.33005,1.72273
6.34005,1.70688
6.35005,1.69117
6.36005,1.67561
6.37005,1.66019
6.38005,1.64491
6.39005,1.62977
6.40005,1.61477
6.41005,1.59991
6.42005,1.58518
6.43005,1.57058
6.44005,1.55612
6.45005,1.54179
6.46005,1.5276
6.47005,1.51353
6.48005,1.49959
6.49005,1.48578
6.50005,1.47209
6.51005,1.45852
6.52005,1.44509
6.53005,1.43177
6.54005,1.41859
6.55006,1.40551
6.56006,1.39256
6.57006,1.37972
6.58006,1.36701
6.59006,1.35441
6.60006,1.34192
6.61006,1.32956
6.62006,1.31731
6.63006,1.30517
6.64006,1.29314
6.65006,1.28122
6.66006,1.26941
6.67006,1.2577
6.68006,1.24611
6.69006,1.23461
6.70006,1.22323
6.71006,1.21194
6.72006,1.20077
6.73006,1.18969
6.74006,1.17871
6.75006,1.16785
6.76006,1.15708
6.77006,1.14641
6.78006,1.13584
6.79006,1.12536
6.80006,1.11497
6.81006,1.10468
6.82006,1.09449
6.83006,1.08439
6.84006,1.07438
6.85006,1.06447
6.86006,1.05464
6.87006,1.0449
6.88006,1.03526
6.89006,1.02571
6.90006,1.01624
6.91006,1.00686
6.92006,0.997566
6.93006,0.988354
6.94006,0.979225
6.95006,0.970181
6.96006,0.961221
6.97006,0.952345
6.98006,0.943554
6.99007,0.934847
7.00007,0.92621
7.01007,0.917657
7.02007,0.909189
7.03007,0.900791
7.04007,0.892477
7.05007,0.884234
7.06007,0.876075
7.07007,0.867986
7.08007,0.859966
7.09007,0.852017
7.10007,0.844153
7.11007,0.836359
7.12007,0.828635
7.13007,0.820982
7.14007,0.813398
7.15007,0.805885
7.16007,0.798442
7.17007,0.79107
7.18007,0.783768
7.19007,0.776522
7.20007,0.769346
7.21007,0.762241
7.22007,0.755191
7.23007,0.748212
7.24007,0.741304
7.25007,0.734452
7.26007,0.72767
7.27007,0.720944
7.28007,0.714289
7.29007,0.707691
7.30007,0.701148
7.31007,0.69466
7.32007,0.688245
7.33007,0.681885
7.34007,0.675581
7.35007,0.669334
7.36007,0.663142
7.37007,0.657007
7.38007,0.650928
7.39007,0.644906
7.40007,0.63894
7.41007,0.63303
7.42007,0.627177
7.43008,0.62138
7.44008,0.61564
7.45008,0.609956
7.46008,0.604314
7.47008,0.598729
7.48008,0.5932
7.49008,0.587713
7.50008,0.582283
7.51008,0.576894
7.52008,0.571562
7.53008,0.566272
7.54008,0.561038
7.55008,0.555847
7.56008,0.550713
7.57008,0.54562
7.58008,0.540569
7.59008,0.535576
7.60008,0.530624
7.61008,0.525715
7.62008,0.520847
7.63008,0.516037
7.64008,0.511269
7.65008,0.506543
7.66008,0.501859
7.67008,0.497218
7.68008,0.492619
7.69008,0.488061
7.70008,0.483547
7.71008,0.479074
7.72008,0.474644
7.73008,0.470257
7.74008,0.465912
7.75008,0.461609
7.76008,0.457333
7.77008,0.4531
7.78008,0.44891
7.79008,0.444762
7.80008,0.440657
7.81008,0.436579
7.82008,0.432544
7.83008,0.428552
7.84008,0.424587
7.85008,0.420665
7.86009,0.416771
7.87009,0.412919
7.88009,0.409095
7.89009,0.405314
7.90009,0.40156
7.91009,0.39785
7.92009,0.394167
7.93009,0.390527
7.94009,0.386915
7.95009,0.383331
7.96009,0.37979
7.97009,0.376276
7.98009,0.372791
7.99009,0.369348
8.00009,0.365934
8.01009,0.362547
8.02009,0.359189
8.03009,0.355874
8.04009,0.352586
8.05009,0.349327
8.06009,0.346096
8.07009,0.342893
8.08009,0.339718
8.09009,0.336571
8.10009,0.333453
8.11009,0.330362
8.12009,0.3273
8.13009,0.324281
8.14009,0.321275
8.15009,0.318298
8.16009,0.315349
8.17009,0.312428
8.18009,0.309535
8.19009,0.306671
8.20009,0.303835
8.21009,0.301027
8.22009,0.298248
8.23009,0.295498
8.24009,0.29276
8.25009,0.290051
8.26009,0.287371
8.27009,0.284719
8.28009,0.28208
8.29009,0.27947
8.30009,0.276888
8.31009,0.274335
8.3201,0.271796
8.3301,0.269285
8.3401,0.266802
8.3501,0.264333
8.3601,0.261893
8.3701,0.259466
8.3801,0.257068
8.3901,0.254698
8.4001,0.252342
8.4101,0.250015
8.4201,0.247701
8.4301,0.245416
8.4401,0.243145
8.4501,0.240902
8.4601,0.238673
8.4701,0.236473
8.4801,0.234286
8.4901,0.232113
8.5001,0.229969
8.5101,0.227839
8.5201,0.225738
8.5301,0.22365
8.5401,0.221576
8.5501,0.219531
8.5601,0.217499
8.5701,0.215482
8.5801,0.213493
8.5901,0.211518
8.6001,0.209557
8.6101,0.207625
8.6201,0.205707
8.6301,0.203803
8.6401,0.201912
8.6501,0.200051
8.6601,0.198203
8.6701,0.196369
8.6801,0.19455
8.6901,0.192744
8.7001,0.190967
8.7101,0.189204
8.7201,0.187455
8.7301,0.18572
8.7401,0.183999
8.7501,0.182292
8.76011,0.180615
8.77011,0.178951
8.78011,0.177301
8.79011,0.175666
8.80011,0.174044
8.81011,0.172436
8.82011,0.170843
8.83011,0.169263
8.84011,0.167698
8.85011,0.166147
8.86011,0.16461
8.87011,0.163087
8.88011,0.161578
8.89011,0.160083
8.90011,0.158602
8.91011,0.157135
8.92011,0.155683
8.93011,0.154245
8.94011,0.152821
8.95011,0.151411
8.96011,0.150015
8.97011,0.148634
8.98011,0.147267
8.99011,0.145898
9.00011,0.144544
9.01011,0.143205
9.02011,0.141879
9.03011,0.140568
9.04011,0.139271
9.05011,0.137988
9.06011,0.13672
9.07011,0.135451
9.08011,0.134196
9.09011,0.132955
9.10011,0.131729
9.11011,0.130517
9.12011,0.129304
9.13011,0.128105
9.14011,0.126921
9.15011,0.125752
9.16011,0.124596
9.17011,0.12344
9.18011,0.122298
9.19011,0.12117
9.20012,0.120057
9.21012,0.118943
9.22012,0.117844
9.23012,0.116759
9.24012,0.115673
9.25012,0.114602
9.26012,0.113545
9.27012,0.112502
9.28012,0.111459
9.29012,0.11043
9.30012,0.109416
9.31012,0.108401
9.32012,0.1074
9.33012,0.106414
9.34012,0.105427
9.35012,0.104455
9.36012,0.103497
9.37012,0.102539
9.38012,0.101595
9.39012,0.10065
9.40012,0.0997199
9.41012,0.0988043
9.42012,0.097888
9.43012,0.0969864
9.44012,0.096084
9.45012,0.0951962
9.46012,0.0943231
9.47012,0.0934493
9.48012,0.0925901
9.49012,0.0917303
9.50012,0.090885
9.51012,0.0900391
9.52012,0.0892079
9.53012,0.0883912
9.54012,0.0875739
9.55012,0.0867713
9.56012,0.0859681
9.57012,0.0851795
9.58012,0.0843903
9.59012,0.0836159
9.60012,0.0828408
9.61012,0.0820804
9.62012,0.0813194
9.63013,0.0805731
9.64013,0.0798263
9.65013,0.0790942
9.66013,0.0783615
9.67013,0.0776435
9.68013,0.076925
9.69013,0.0762212
9.70013,0.0755168
9.71013,0.0748272
9.72013,0.074137
9.73013,0.0734463
9.74013,0.0727704
9.75013,0.0720939
9.76013,0.0714322
9.77013,0.07077
9.78013,0.0701225
9.79013,0.0694746
9.80013,0.0688262
9.81013,0.0681926
9.82013,0.0675584
9.83013,0.066939
9.84013,0.0663192
9.85013,0.0657142
9.86013,0.0651087
9.87013,0.0645028
9.88013,0.0639116
9.89013,0.06332
9.90013,0.0627432
9.91013,0.062166
9.92013,0.0615884
9.93013,0.0610255
9.94013,0.0604623
9.95013,0.0598986
9.96013,0.0593497
9.97013,0.0588005
9.98013,0.0582508
9.99013,0.057716
10.0001,0.0571807
10.0101,0.0566604
10.0201,0.0561395
10.0301,0.0556183
10.0401,0.055112
10.0501,0.0546054
10.0601,0.0540982
10.0701,0.053606
10.0801,0.0531134
10.0901,0.0526204
10.1001,0.0521423
10.1101,0.0516639
10.1201,0.0511851
10.1301,0.0507059
10.1401,0.0502416
10.1501,0.0497769
10.1601,0.0493119
10.1701,0.0488619
10.1801,0.0484115
10.1901,0.0479607
10.2001,0.0475248
10.2101,0.0470886
10.2201,0.0466521
10.2301,0.0462153
10.2401,0.0457934
10.2501,0.0453711
10.2601,0.0449486
10.2701,0.0445409
10.2801,0.044133
10.2901,0.0437248
10.3001,0.0433162
10.3101,0.0429226
10.3201,0.0425287
10.3301,0.0421345
10.3401,0.04174
10.3501,0.0413605
10.3601,0.0409807
10.3701,0.0406005
10.3801,0.0402201
10.3901,0.0398546
10.4001,0.0394889
10.4101,0.0391229
10.4201,0.0387566
10.4301,0.0384053
10.4401,0.0380537
10.4501,0.0377019
10.4601,0.0373498
10.4701,0.0370126
10.4801,0.0366752
10.4901,0.0363376
10.5001,0.0359997
10.5101,0.0356615
10.5201,0.0353384
10.5301,0.035015
10.5401,0.0346913
10.5501,0.0343675
10.5601,0.0340433
10.5701,0.0337342
10.5801,0.0334249
10.5901,0.0331152
10.6001,0.0328054
10.6101,0.0325106
10.6201,0.0322155
10.6301,0.0319203
10.6401,0.0316248
10.6501,0.031329
10.6601,0.0310331
10.6701,0.0307522
10.6801,0.030471
10.6901,0.0301897
10.7001,0.0299081
10.7101,0.0296264
10.7201,0.0293597
10.7302,0.0290927
10.7402,0.0288256
10.7502,0.0285582
10.7602,0.0282907
10.7702,0.0280229
10.7802,0.0277702
10.7902,0.0275173
10.8002,0.0272642
10.8102,0.027011
10.8202,0.0267575
10.8302,0.0265038
10.8402,0.0262652
10.8502,0.0260264
10.8602,0.0257874
10.8702,0.0255482
10.8802,0.0253088
10.8902,0.0250692
10.9002,0.0248448
10.9102,0.0246201
10.9202,0.0243953
10.9302,0.0241703
10.9402,0.0239452
10.9502,0.0237199
10.9602,0.0234944
10.9702,0.023284
10.9802,0.0230734
10.9902,0.0228627
11.0002,0.0226518
11.0102,0.0224408
11.0202,0.0222295
11.0302,0.0220181
11.0402,0.0218219
11.0502,0.0216255
11.0602,0.0214289
11.0702,0.0212321
11.0802,0.0210352
11.0902,0.0208381
11.1002,0.020641
11.1102,0.0204436
11.1202,0.0202614
11.1302,0.020079
11.1402,0.0198965
11.1502,0.0197139
11.1602,0.0195311
11.1702,0.0193481
11.1802,0.019165
11.1902,0.0189818
11.2002,0.0188137
11.2102,0.0186454
11.2202,0.018477
11.2302,0.0183085
11.2402,0.0181398
11.2502,0.0179711
11.2602,0.0178022
11.2702,0.0176332
11.2802,0.017464
11.2902,0.01731
11.3002,0.0171559
11.3102,0.0170016
11.3202,0.0168472
11.3302,0.0166927
11.3402,0.016538
11.3502,0.0163833
11.3602,0.0162284
11.3702,0.0160734
11.3802,0.0159183
11.3902,0.0157784
11.4002,0.0156383
11.4102,0.0154981
11.4202,0.0153578
11.4302,0.0152174
11.4402,0.0150769
11.4502,0.0149362
11.4602,0.0147955
11.4702,0.0146546
11.4802,0.0145137
11.4902,0.0143726
11.5002,0.0142468
11.5102,0.0141208
11.5202,0.0139946
11.5302,0.0138684
11.5402,0.0137421
11.5502,0.0136157
11.5602,0.0134892
11.5702,0.0133626
11.5802,0.0132359
11.5902,0.0131091
11.6002,0.0129822
11.6102,0.0128552
11.6202,0.0127434
11.6302,0.0126316
11.6402,0.0125196
11.6502,0.0124075
11.6602,0.0122954
11.6702,0.0121831
11.6802,0.0120708
11.6902,0.0119583
11.7002,0.0118458
11.7102,0.0117332
11.7202,0.0116205
11.7302,0.0115077
11.7402,0.0113948
11.7502,0.0112971
11.7602,0.0111993
11.7702,0.0111014
11.7802,0.0110034
11.7902,0.0109054
11.8002,0.0108073
11.8102,0.0107091
11.8202,0.0106108
11.8302,0.0105125
11.8402,0.010414
11.8502,0.0103155
11.8602,0.010217
11.8702,0.0101183
11.8802,0.0100196
11.8902,0.00992079
11.9002,0.00982188
11.9102,0.00973824
11.9202,0.0096545
11.9302,0.00957067
11.9402,0.00948676
11.9502,0.00940284
11.9602,0.00931883
11.9702,0.00923473
11.9802,0.00915054
11.9902,0.00906635
12.0002,0.00898207
12.0102,0.00889769
12.0202,0.00881323
12.0302,0.00872876
12.0402,0.00864421
12.0502,0.00855956
12.0602,0.00847492
12.0702,0.00839018
12.0802,0.00832061
12.0902,0.00825104
12.1002,0.00818138
12.1102,0.00811163
12.1202,0.00804188
12.1302,0.00797204
12.1402,0.00790211
12.1502,0.00783217
12.1602,0.00776215
12.1702,0.00769203
12.1802,0.00762192
12.1902,0.00755171
12.2002,0.00748151
12.2102,0.00741121
12.2202,0.00734082
12.2302,0.00727044
12.2402,0.00719996
12.2502,0.00712948
12.2602,0.00705891
12.2702,0.00698825
12.2802,0.00691759
12.2902,0.00684684
12.3002,0.00679135
12.3102,0.00673576
12.3202,0.00668018
12.3302,0.0066245
12.3402,0.00656883
12.3502,0.00651306
12.3602,0.0064573
12.3702,0.00640144
12.3802,0.0063455
12.3902,0.00628955
12.4002,0.00623351
12.4102,0.00617747
12.4202,0.00612134
12.4302,0.00606521
12.4402,0.00600909
12.4502,0.00595286
12.4602,0.00589665
12.4702,0.00584033
12.4802,0.00578402
12.4902,0.00572762
12.5002,0.00567122
12.5102,0.00561473
12.5202,0.00555823
12.5302,0.00550165
12.5402,0.00544507
12.5502,0.00538839
12.5602,0.00533172
12.5702,0.0052903
12.5802,0.0052488
12.5902,0.00520729
12.6002,0.00516569
12.6102,0.00512409
12.6202,0.00508241
12.6302,0.00504072
12.6402,0.00499903
12.6502,0.00495725
12.6602,0.00491547
12.6702,0.0048736
12.6802,0.00483173
12.6902,0.00478986
12.7002,0.0047479
12.7102,0.00470594
12.7202,0.00466389
12.7302,0.00462183
12.7402,0.00457978
12.7502,0.00453764
12.7602,0.0044955
12.7702,0.00445335
12.7802,0.00441112
12.7902,0.00436889
12.8002,0.00432665
12.8102,0.00428433
12.8202,0.004242
12.8302,0.00419968
12.8402,0.00415726
12.8502,0.00411485
12.8602,0.00407243
12.8702,0.00402993
12.8802,0.00398742
12.8902,0.00394491
12.9002,0.00390232
12.9102,0.00385972
12.9202,0.00381712
12.9302,0.00377444
12.9402,0.00374701
12.9502,0.00371958
12.9602,0.00369206
12.9702,0.00366454
12.9802,0.00363702
12.9902,0.00360941
13.0002,0.00358179
13.0102,0.00355418
13.0202,0.00352657
13.0302,0.00349887
13.0402,0.00347117
13.0502,0.00344347
13.0602,0.00341567
13.0702,0.00338788
13.0802,0.00336009
13.0902,0.0033323
13.1002,0.00330441
13.1102,0.00327653
13.1202,0.00324864
13.1302,0.00322076
13.1402,0.00319279
13.1502,0.00316481
13.1602,0.00313684
13.1702,0.00310886
13.1802,0.0030808
13.1902,0.00305273
13.2002,0.00302467
13.2102,0.0029966
13.2202,0.00296845
13.2302,0.00294029
13.2402,0.00291213
13.2502,0.00288398
13.2602,0.00285573
13.2702,0.00282748
13.2802,0.00279924
13.2902,0.00277099
13.3002,0.00274265
13.3102,0.00271431
13.3202,0.00268598
13.3302,0.00265764
13.3402,0.0026293
13.3502,0.00260087
13.3602,0.00257244
13.3702,0.00254401
13.3802,0.00251559
13.3902,0.00248716
13.4002,0.00245864
13.4102,0.00243012
13.4202,0.0024016
13.4302,0.00237308
13.4402,0.00234456
13.4502,0.00231595
13.4602,0.00228734
13.4702,0.00227399
13.4802,0.00226063
13.4902,0.00224728
13.5002,0.00223384
13.5102,0.0022204
13.5202,0.00220696
13.5302,0.00219351
13.5402,0.00218007
13.5502,0.00216663
13.5602,0.0021531
13.5702,0.00213956
13.5802,0.00212603
13.5902,0.0021125
13.6002,0.00209896
13.6102,0.00208534
13.6202,0.00207171
13.6302,0.00205809
13.6402,0.00204447
13.6502,0.00203084
13.6602,0.00201722
13.6702,0.0020035
13.6802,0.00198979
13.6902,0.00197607
13.7002,0.00196236
13.7102,0.00194864
13.7202,0.00193493
13.7302,0.00192112
13.7402,0.00190732
13.7502,0.00189351
13.7602,0.0018797
13.7702,0.0018659
13.7802,0.00185209
13.7902,0.00183829
13.8002,0.00182439
13.8102,0.00181049
13.8202,0.0017966
13.8302,0.0017827
13.8402,0.0017688
13.8502,0.00175491
13.8602,0.00174101
13.8702,0.00172711
13.8802,0.00171313
13.8902,0.00169914
13.9002,0.00168515
13.9102,0.00167116
13.9202,0.00165718
13.9302,0.00164319
13.9402,0.0016292
13.9502,0.00161512
13.9602,0.00160105
13.9702,0.00158697
13.9802,0.00157289
13.9902,0.00155881
14.0002,0.00154473
14.0102,0.00153065
14.0202,0.00151658
14.0302,0.0015025
14.0402,0.00148833
14.0502,0.00147416
14.0602,0.00145999
14.0702,0.00144582
14.0802,0.00143165
14.0902,0.00141748
14.1002,0.00140331
14.1102,0.00138914
14.1202,0.00137498
14.1302,0.00136072
14.1402,0.00134646
14.1502,0.0013322
14.1602,0.00131794
14.1702,0.00130368
14.1802,0.00128942
14.1902,0.00127516
14.2002,0.0012609
14.2102,0.00124664
14.2202,0.00123238
14.2302,0.00121803
14.2402,0.00120368
14.2502,0.00118932
14.2602,0.00117497
14.2702,0.00116062
14.2802,0.00114627
14.2902,0.00113192
14.3002,0.00111757
14.3102,0.00110322
14.3202,0.00108887
14.3302,0.00107452
14.3402,0.00106017
14.3502,0.00104573
14.3602,0.00103128
14.3702,0.00101684
14.3802,0.0010024
14.3902,0.00098796
14.4002,0.000973519
14.4102,0.000959077
14.4202,0.000944635
14.4302,0.000930194
14.4402,0.000915752
14.4502,0.000901311
14.4602,0.000886869
14.4702,0.000872428
14.4802,0.000857895
14.4902,0.000843363
14.5002,0.000828831
14.5102,0.000814298
14.5202,0.000799766
14.5302,0.000785234
14.5402,0.000770701
14.5502,0.000756169
14.5602,0.000756895
14.5702,0.000757622
14.5802,0.000758348
14.5902,0.000759075
14.6002,0.000759801
14.6102,0.000760527
14.6202,0.000761163
14.6302,0.000761799
14.6402,0.000762434
14.6502,0.00076307
14.6602,0.000748447
14.6702,0.000749082
14.6802,0.000749718
14.6902,0.000750354
14.7002,0.000750989
14.7102,0.000751625
14.7202,0.00075226
14.7302,0.000752896
14.7402,0.000753532
14.7502,0.000754167
14.7602,0.000754712
14.7702,0.000755257
14.7802,0.000755802
14.7902,0.000756346
14.8002,0.000756891
14.8102,0.000757436
14.8202,0.000757981
14.8302,0.000758526
14.8402,0.000759071
14.8502,0.000759615
14.8602,0.00076016
14.8702,0.000760705
14.8802,0.00076125
14.8902,0.000761795
14.9002,0.000762339
14.9102,0.000762884
14.9202,0.000763429
14.9302,0.000748624
14.9402,0.000749078
14.9502,0.000749532
14.9602,0.000749986
14.9702,0.00075044
14.9802,0.000750894
14.9902,0.000751348
15.0002,0.000751802
15.0102,0.000752256
15.0202,0.00075271
15.0302,0.000753164
15.0402,0.000753618
15.0502,0.000754072
15.0602,0.000754526
15.0702,0.00075498
15.0802,0.000755434
15.0903,0.000755888
15.1003,0.000756342
15.1103,0.000756796
15.1203,0.00075725
15.1303,0.000757613
15.1403,0.000757977
15.1503,0.00075834
15.1603,0.000758703
15.1703,0.000759066
15.1803,0.000759429
15.1903,0.000759793
15.2003,0.000760156
15.2103,0.000760519
15.2203,0.000760882
15.2303,0.000761245
15.2403,0.000761609
15.2503,0.000761972
15.2603,0.000762335
15.2703,0.000762698
15.2803,0.000763061
15.2903,0.000748166
15.3003,0.000748529
15.3103,0.000748892
15.3203,0.000749255
15.3303,0.000749619
15.3403,0.000749982
15.3503,0.000750345
15.3603,0.000750708
15.3703,0.000751071
15.3803,0.000751344
15.3903,0.000751616
15.4003,0.000751889
15.4103,0.000752161
15.4203,0.000752433
15.4303,0.000752706
15.4403,0.000752978
15.4503,0.000753251
15.4603,0.000753523
15.4703,0.000753795
15.4803,0.000754068
15.4903,0.00075434
15.5003,0.000754612
15.5103,0.000754885
15.5203,0.000755157
15.5303,0.00075543
15.5403,0.000755702
15.5503,0.000755974
15.5603,0.000756247
15.5703,0.000756519
15.5803,0.000756792
15.5903,0.000757064
15.6003,0.000757337
15.6103,0.000757609
15.6203,0.000757881
15.6303,0.000758154
15.6403,0.000758426
15.6503,0.000758698
15.6603,0.000758971
15.6703,0.000759243
15.6803,0.000759516
15.6903,0.000759788
15.7003,0.00076006
15.7103,0.000760242
15.7203,0.000760424
15.7303,0.000760605
15.7403,0.000760787
15.7503,0.000760968
15.7603,0.00076115
15.7703,0.000761332
15.7803,0.000761513
15.7903,0.000761695
15.8003,0.000761876
15.8103,0.000762058
15.8203,0.00076224
15.8303,0.000762421
15.8403,0.000762603
15.8503,0.000762784
15.8603,0.000762966
15.8703,0.000747889
15.8803,0.00074807
15.8903,0.000748252
15.9003,0.000748434
15.9103,0.000748615
15.9203,0.000748797
15.9303,0.000748978
15.9403,0.00074916
15.9503,0.000749342
15.9603,0.000749523
15.9703,0.000749705
15.9803,0.000749886
15.9903,0.000750068
16.0003,0.000750249
16.0103,0.000750431
16.0203,0.000750613
16.0303,0.000750794
16.0403,0.000750976
16.0503,0.000751157
16.0603,0.000751339
16.0703,0.000751521
16.0803,0.000751702
16.0903,0.000751884
16.1003,0.000752065
16.1103,0.000752247
16.1203,0.000752429
16.1303,0.00075261
16.1403,0.000752792
16.1503,0.000752973
16.1603,0.000753155
16.1703,0.000753337
16.1803,0.000753518
16.1903,0.0007537
16.2003,0.000753881
16.2103,0.000753972
16.2203,0.000754063
16.2303,0.000754154
16.2403,0.000754245
16.2503,0.000754335
16.2603,0.000754426
16.2703,0.000754517
16.2803,0.000754608
16.2903,0.000754699
16.3003,0.000754789
16.3103,0.00075488
16.3203,0.000754971
16.3303,0.000755062
16.3403,0.000755153
16.3503,0.000755243
16.3603,0.000755334
16.3703,0.000755425
16.3803,0.000755516
16.3903,0.000755607
16.4003,0.000755697
16.4103,0.000755788
16.4203,0.000755879
16.4303,0.00075597
16.4403,0.00075606
16.4503,0.000756151
16.4603,0.000756242
16.4703,0.000756333
16.4803,0.000756424
16.4903,0.000756514
16.5003,0.000756605
16.5103,0.000756696
16.5203,0.000756787
16.5303,0.000756878
16.5403,0.000756968
16.5503,0.000757059
16.5603,0.00075715
16.5703,0.000757241
16.5803,0.000757332
16.5903,0.000757422
16.6003,0.000757513
16.6103,0.000757604
16.6203,0.000757695
16.6303,0.000757786
16.6403,0.000757876
16.6503,0.000757967
16.6603,0.000758058
16.6703,0.000758149
16.6803,-3.66261
16.6903,-11.69
16.7003,-23.5576
16.7103,-37.7394
16.7203,-52.4885
16.7303,-66.4352
16.7403,-78.7911
16.7503,-89.2659
16.7603,-97.8871
16.7703,-104.841
16.7803,-110.368
16.7903,-114.71
16.8003,-118.08
16.8103,-120.661
16.8203,-122.602
16.8303,-124.025
16.8403,-125.027
16.8503,-125.686
16.8603,-126.063
16.8703,-126.21
16.8803,-126.166
16.8903,-125.965
16.9003,-125.633
16.9103,-125.192
16.9203,-124.659
16.9303,-124.05
16.9403,-123.377
16.9503,-122.65
16.9603,-121.878
16.9703,-121.068
16.9803,-120.227
16.9903,-119.358
17.0003,-118.468
17.0103,-117.56
17.0203,-116.636
17.0303,-115.7
17.0403,-114.755
17.0503,-113.801
17.0603,-112.842
17.0703,-111.879
17.0803,-110.913
17.0903,-109.946
17.1003,-108.978
17.1103,-108.011
17.1203,-107.045
17.1303,-106.08
17.1403,-105.119
17.1503,-104.161
17.1603,-103.206
17.1703,-102.256
17.1803,-101.31
17.1903,-100.369
17.2003,-99.4335
17.2103,-98.5033
17.2203,-97.5788
17.2303,-96.6602
17.2403,-95.7477
17.2503,-94.8415
17.2603,-93.9417
17.2703,-93.0483
17.2803,-92.1616
17.2903,-91.2816
17.3003,-90.4083
17.3103,-89.5419
17.3203,-88.6824
17.3303,-87.8298
17.3403,-86.9841
17.3503,-86.1455
17.3603,-85.3138
17.3703,-84.4892
17.3803,-83.6715
17.3903,-82.8609
17.4003,-82.0573
17.4103,-81.2607
17.4203,-80.4711
17.4303,-79.6885
17.4403,-78.9128
17.4503,-78.1441
17.4603,-77.3822
17.4703,-76.6273
17.4803,-75.8791
17.4903,-75.1378
17.5003,-74.4032
17.5103,-73.6754
17.5203,-72.9543
17.5303,-72.2399
17.5403,-71.532
17.5503,-70.8308
17.5603,-70.136
17.5703,-69.4478
17.5803,-68.766
17.5903,-68.0906
17.6003,-67.4216
17.6103,-66.7589
17.6203,-66.1024
17.6303,-65.4522
17.6403,-64.8081
17.6503,-64.1701
17.6603,-63.5383
17.6703,-62.9124
17.6803,-62.2925
17.6903,-61.6785
17.7003,-61.0705
17.7103,-60.4682
17.7203,-59.8717
17.7303,-59.281
17.7403,-58.6959
17.7503,-58.1165
17.7603,-57.5427
17.7703,-56.9744
17.7803,-56.4116
17.7903,-55.8542
17.8003,-55.3022
17.8103,-54.7556
17.8203,-54.2143
17.8303,-53.6782
17.8403,-53.1474
17.8503,-52.6217
17.8603,-52.1011
17.8703,-51.5855
17.8803,-51.075
17.8903,-50.5695
17.9003,-50.0689
17.9103,-49.5732
17.9203,-49.0823
17.9303,-48.5962
17.9403,-48.1149
17.9503,-47.6382
17.9603,-47.1663
17.9703,-46.6989
17.9803,-46.2361
17.9903,-45.7779
18.0003,-45.3241
18.0103,-44.8748
18.0203,-44.4299
18.0303,-43.9894
18.0403,-43.5532
18.0503,-43.1213
18.0603,-42.6936
18.0703,-42.2701
18.0803,-41.8508
18.0903,-41.4356
18.1003,-41.0245
18.1103,-40.6174
18.1203,-40.2143
18.1303,-39.8152
18.1403,-39.42
18.1503,-39.0288
18.1603,-38.6413
18.1703,-38.2577
18.1803,-37.8779
18.1903,-37.5018
18.2003,-37.1295
18.2103,-36.7608
18.2203,-36.3957
18.2303,-36.0342
18.2403,-35.6763
18.2503,-35.322
18.2603,-34.9711
18.2703,-34.6237
18.2803,-34.2798
18.2903,-33.9392
18.3003,-33.602
18.3103,-33.2681
18.3203,-32.9375
18.3303,-32.6102
18.3403,-32.2862
18.3503,-31.9653
18.3603,-31.6476
18.3703,-31.3331
18.3803,-31.0216
18.3903,-30.7133
18.4003,-30.408
18.4103,-30.1057
18.4203,-29.8064
18.4303,-29.5101
18.4403,-29.2167
18.4503,-28.9262
18.4603,-28.6386
18.4703,-28.3538
18.4803,-28.0719
18.4903,-27.7928
18.5003,-27.5164
18.5103,-27.2427
18.5203,-26.9718
18.5303,-26.7036
18.5403,-26.438
18.5503,-26.175
18.5603,-25.9147
18.5703,-25.6569
18.5803,-25.4017
18.5903,-25.149
18.6003,-24.8988
18.6103,-24.6511
18.6203,-24.4059
18.6303,-24.1631
18.6403,-23.9227
18.6503,-23.6847
18.6603,-23.449
18.6703,-23.2157
18.6803,-22.9847
18.6903,-22.756
18.7003,-22.5296
18.7103,-22.3054
18.7203,-22.0835
18.7303,-21.8637
18.7403,-21.6461
18.7503,-21.4307
18.7603,-21.2175
18.7703,-21.0063
18.7803,-20.7972
18.7903,-20.5903
18.8003,-20.3853
18.8103,-20.1824
18.8203,-19.9816
18.8303,-19.7827
18.8403,-19.5858
18.8503,-19.3908
18.8603,-19.1978
18.8703,-19.0067
18.8803,-18.8175
18.8903,-18.6302
18.9003,-18.4447
18.9103,-18.2611
18.9203,-18.0793
18.9303,-17.8994
18.9403,-17.7212
18.9503,-17.5447
18.9603,-17.3701
18.9703,-17.1971
18.9803,-17.0259
18.9903,-16.8564
19.0003,-16.6886
19.0103,-16.5224
19.0203,-16.3579
19.0303,-16.1951
19.0403,-16.0338
19.0503,-15.8742
19.0603,-15.7161
19.0703,-15.5596
19.0803,-15.4047
19.0903,-15.2513
19.1003,-15.0994
19.1103,-14.9491
19.1203,-14.8002
19.1303,-14.6528
19.1403,-14.5069
19.1503,-14.3625
19.1603,-14.2194
19.1703,-14.0778
19.1803,-13.9376
19.1903,-13.7988
19.2003,-13.6614
19.2103,-13.5254
19.2203,-13.3907
19.2303,-13.2573
19.2403,-13.1253
19.2503,-12.9946
19.2603,-12.8652
19.2703,-12.737
19.2803,-12.6102
19.2903,-12.4846
19.3003,-12.3602
19.3103,-12.2371
19.3203,-12.1152
19.3303,-11.9946
19.3403,-11.8751
19.3503,-11.7568
19.3603,-11.6397
19.3703,-11.5238
19.3803,-11.409
19.3903,-11.2954
19.4003,-11.1829
19.4103,-11.0715
19.4203,-10.9612
19.4303,-10.852
19.4403,-10.7439
19.4503,-10.6369
19.4604,-10.531
19.4704,-10.4261
19.4804,-10.3222
19.4904,-10.2194
19.5004,-10.1176
19.5104,-10.0168
19.5204,-9.91702
19.5304,-9.81823
19.5404,-9.72043
19.5504,-9.6236
19.5604,-9.52773
19.5704,-9.43282
19.5804,-9.33885
19.5904,-9.24582
19.6004,-9.15372
19.6104,-9.06253
19.6204,-8.97225
19.6304,-8.88287
19.6404,-8.79438
19.6504,-8.70677
19.6604,-8.62003
19.6704,-8.53415
19.6804,-8.44913
19.6904,-8.36496
19.7004,-8.28163
19.7104,-8.19912
19.7204,-8.11744
19.7304,-8.03657
19.7404,-7.95651
19.7504,-7.87724
19.7604,-7.79876
19.7704,-7.72107
19.7804,-7.64414
19.7904,-7.56799
19.8004,-7.49259
19.8104,-7.41794
19.8204,-7.34404
19.8304,-7.27087
19.8404,-7.19843
19.8504,-7.12672
19.8604,-7.05571
19.8704,-6.98542
19.8804,-6.91582
19.8904,-6.84692
19.9004,-6.7787
19.9104,-6.71117
19.9204,-6.6443
19.9304,-6.5781
19.9404,-6.51257
19.9504,-6.44768
19.9604,-6.38344
19.9704,-6.31984
19.9804,-6.25688
19.9904,-6.19454
20.0004,-6.13282
20.0104,-6.07171
20.0204,-6.01122
20.0304,-5.95133
20.0404,-5.89203
20.0504,-5.83333
20.0604,-5.77521
20.0704,-5.71767
20.0804,-5.6607
20.0904,-5.6043
20.1004,-5.54846
20.1104,-5.49318
20.1204,-5.43845
20.1304,-5.38426
20.1404,-5.33061
20.1504,-5.2775
20.1604,-5.22492
20.1704,-5.17286
20.1804,-5.12132
20.1904,-5.07029
20.2004,-5.01977
20.2104,-4.96976
20.2204,-4.92024
20.2304,-4.87121
20.2404,-4.82268
20.2504,-4.77463
20.2604,-4.72705
20.2704,-4.67995
20.2804,-4.63332
20.2904,-4.58716
20.3004,-4.54145
20.3104,-4.4962
20.3204,-4.4514
20.3304,-4.40705
20.3404,-4.36314
20.3504,-4.31966
20.3604,-4.27662
20.3704,-4.23401
20.3804,-4.19183
20.3904,-4.15006
20.4004,-4.10871
20.4104,-4.06777
20.4204,-4.02724
20.4304,-3.98711
20.4404,-3.94738
20.4504,-3.90805
20.4604,-3.86911
20.4704,-3.83056
20.4804,-3.79239
20.4904,-3.75461
20.5004,-3.7172
20.5104,-3.68016
20.5204,-3.64349
20.5304,-3.60719
20.5404,-3.57124
20.5504,-3.53566
20.5604,-3.50043
20.5704,-3.46555
20.5804,-3.43102
20.5904,-3.39684
20.6004,-3.36299
20.6104,-3.32948
20.6204,-3.29631
20.6304,-3.26346
20.6404,-3.23095
20.6504,-3.19875
20.6604,-3.16688
20.6704,-3.13533
20.6804,-3.10409
20.6904,-3.07316
20.7004,-3.04254
20.7104,-3.01222
20.7204,-2.98221
20.7304,-2.95249
20.7404,-2.92307
20.7504,-2.89395
20.7604,-2.86511
20.7704,-2.83657
20.7804,-2.8083
20.7904,-2.78032
20.8004,-2.75262
20.8104,-2.72519
20.8204,-2.69804
20.8304,-2.67116
20.8404,-2.64454
20.8504,-2.61819
20.8604,-2.5921
20.8704,-2.56628
20.8804,-2.54071
20.8904,-2.51539
20.9004,-2.49033
20.9104,-2.46552
20.9204,-2.44095
20.9304,-2.41663
20.9404,-2.39255
20.9504,-2.36871
20.9604,-2.34511
20.9704,-2.32174
20.9804,-2.29861
20.9904,-2.27571
21.0004,-2.25303
21.0104,-2.23058
21.0204,-2.20836
21.0304,-2.18636
21.0404,-2.16457
21.0504,-2.14301
21.0604,-2.12165
21.0704,-2.10051
21.0804,-2.07959
21.0904,-2.05887
21.1004,-2.03835
21.1104,-2.01804
21.1204,-1.99794
21.1304,-1.97803
21.1404,-1.95832
21.1504,-1.93881
21.1604,-1.91949
21.1704,-1.90037
21.1804,-1.88143
21.1904,-1.86269
21.2004,-1.84413
21.2104,-1.82575
21.2204,-1.80756
21.2304,-1.78955
21.2404,-1.77172
21.2504,-1.75407
21.2604,-1.73659
21.2704,-1.71929
21.2804,-1.70216
21.2904,-1.6852
21.3004,-1.66841
21.3104,-1.65179
21.3204,-1.63533
21.3304,-1.61904
21.3404,-1.60291
21.3504,-1.58694
21.3604,-1.57113
21.3704,-1.55547
21.3804,-1.53998
21.3904,-1.52463
21.4004,-1.50944
21.4104,-1.4944
21.4204,-1.47952
21.4304,-1.46477
21.4404,-1.45018
21.4504,-1.43573
21.4604,-1.42143
21.4704,-1.40727
21.4804,-1.39325
21.4904,-1.37937
21.5004,-1.36562
21.5104,-1.35202
21.5204,-1.33855
21.5304,-1.32521
21.5404,-1.31201
21.5504,-1.29894
21.5604,-1.286
21.5704,-1.27318
21.5804,-1.2605
21.5904,-1.24794
21.6004,-1.23551
21.6104,-1.2232
21.6204,-1.21101
21.6304,-1.19895
21.6404,-1.187
21.6504,-1.17518
21.6604,-1.16347
21.6704,-1.15188
21.6804,-1.1404
21.6904,-1.12904
21.7004,-1.11779
21.7104,-1.10666
21.7204,-1.09563
21.7304,-1.08472
21.7404,-1.07391
21.7504,-1.06321
21.7604,-1.05262
21.7704,-1.04213
21.7804,-1.03175
21.7904,-1.02147
21.8004,-1.01129
21.8104,-1.00122
21.8204,-0.991245
21.8304,-0.98137
21.8404,-0.971594
21.8504,-0.961914
21.8604,-0.952331
21.8704,-0.942844
21.8804,-0.933451
21.8904,-0.924152
21.9004,-0.914946
21.9104,-0.905831
21.9204,-0.896807
21.9304,-0.887873
21.9404,-0.879028
21.9504,-0.870271
21.9604,-0.861601
21.9704,-0.853018
21.9804,-0.84452
21.9904,-0.836107
22.0004,-0.827778
22.0104,-0.819532
22.0204,-0.811367
22.0304,-0.803285
22.0404,-0.795282
22.0504,-0.78736
22.0604,-0.779516
22.0704,-0.771751
22.0804,-0.764063
22.0904,-0.756452
22.1004,-0.748916
22.1104,-0.741456
22.1204,-0.73407
22.1304,-0.726757
22.1404,-0.719517
22.1504,-0.71235
22.1604,-0.705254
22.1704,-0.698228
22.1804,-0.691273
22.1904,-0.684387
22.2004,-0.677569
22.2104,-0.67082
22.2204,-0.664137
22.2304,-0.657522
22.2404,-0.650972
22.2504,-0.644487
22.2604,-0.638067
22.2704,-0.631711
22.2804,-0.625419
22.2904,-0.619189
22.3004,-0.613021
22.3104,-0.606914
22.3204,-0.600869
22.3304,-0.594883
22.3404,-0.588958
22.3504,-0.583091
22.3604,-0.577283
22.3704,-0.571532
22.3804,-0.565839
22.3904,-0.560203
22.4004,-0.554623
22.4104,-0.549098
22.4204,-0.543629
22.4304,-0.538214
22.4404,-0.532853
22.4504,-0.527545
22.4604,-0.52229
22.4704,-0.517088
22.4804,-0.511937
22.4904,-0.506838
22.5004,-0.50179
22.5104,-0.496792
22.5204,-0.491843
22.5304,-0.486944
22.5404,-0.482094
22.5504,-0.477292
22.5604,-0.472538
22.5704,-0.467831
22.5804,-0.463171
22.5904,-0.458558
22.6004,-0.45399
22.6104,-0.449468
22.6204,-0.444992
22.6304,-0.440559
22.6404,-0.436171
22.6504,-0.431827
22.6604,-0.427526
22.6704,-0.423267
22.6804,-0.419052
22.6904,-0.414878
22.7004,-0.410745
22.7104,-0.406654
22.7204,-0.402604
22.7304,-0.398594
22.7404,-0.394624
22.7504,-0.390694
22.7604,-0.386802
22.7704,-0.38295
22.7804,-0.379136
22.7904,-0.375359
22.8004,-0.371621
22.8104,-0.36792
22.8204,-0.364255
22.8304,-0.360627
22.8404,-0.357035
22.8504,-0.353479
22.8604,-0.349959
22.8704,-0.346473
22.8804,-0.343023
22.8904,-0.339606
22.9004,-0.336224
22.9104,-0.332875
22.9204,-0.32956
22.9304,-0.326278
22.9404,-0.323028
22.9504,-0.319811
22.9604,-0.316626
22.9704,-0.313472
22.9804,-0.31035
22.9904,-0.307259
23.0004,-0.304199
23.0104,-0.30117
23.0204,-0.29817
23.0304,-0.295201
23.0404,-0.292261
23.0504,-0.28935
23.0604,-0.286468
23.0704,-0.283615
23.0804,-0.280791
23.0904,-0.277994
23.1004,-0.275226
23.1104,-0.272485
23.1204,-0.269771
23.1304,-0.267085
23.1404,-0.264425
23.1504,-0.261791
23.1604,-0.259184
23.1704,-0.256603
23.1804,-0.254047
23.1904,-0.251517
23.2004,-0.249013
23.2104,-0.246533
23.2204,-0.244078
23.2304,-0.241647
23.2404,-0.23924
23.2504,-0.236858
23.2604,-0.234499
23.2704,-0.232164
23.2804,-0.229852
23.2904,-0.227563
23.3004,-0.225297
23.3104,-0.223053
23.3204,-0.220832
23.3304,-0.218633
23.3404,-0.216456
23.3504,-0.2143
23.3604,-0.212166
23.3704,-0.210053
23.3804,-0.207961
23.3904,-0.20589
23.4004,-0.20384
23.4104,-0.20181
23.4204,-0.199801
23.4304,-0.197811
23.4404,-0.195841
23.4504,-0.193891
23.4604,-0.19196
23.4704,-0.190049
23.4804,-0.188156
23.4904,-0.186283
23.5004,-0.184428
23.5104,-0.182591
23.5204,-0.180773
23.5304,-0.178973
23.5404,-0.177191
23.5504,-0.175426
23.5604,-0.173679
23.5704,-0.17195
23.5804,-0.170238
23.5904,-0.168543
23.6004,-0.166864
23.6104,-0.165203
23.6204,-0.163558
23.6304,-0.161929
23.6404,-0.160317
23.6504,-0.15872
23.6604,-0.15714
23.6704,-0.155575
23.6804,-0.154026
23.6904,-0.152492
23.7004,-0.150974
23.7104,-0.149471
23.7204,-0.147982
23.7304,-0.146509
23.7404,-0.14505
23.7504,-0.143606
23.7604,-0.142176
23.7704,-0.14076
23.7804,-0.139359
23.7904,-0.137971
23.8004,-0.136597
23.8104,-0.135237
23.8204,-0.133891
23.8305,-0.132557
23.8405,-0.131238
23.8505,-0.129931
23.8605,-0.128637
23.8705,-0.127356
23.8805,-0.126088
23.8905,-0.124833
23.9005,-0.12359
23.9105,-0.122359
23.9205,-0.121141
23.9305,-0.119935
23.9405,-0.118741
23.9505,-0.117559
23.9605,-0.116388
23.9705,-0.115229
23.9805,-0.114082
23.9905,-0.112946
24.0005,-0.111822
24.0105,-0.110708
24.0205,-0.109606
24.0305,-0.108515
24.0405,-0.107434
24.0505,-0.106365
24.0605,-0.105306
24.0705,-0.104257
24.0805,-0.103219
24.0905,-0.102192
24.1005,-0.101174
24.1105,-0.100167
24.1205,-0.0991695
24.1305,-0.0981822
24.1405,-0.0972047
24.1505,-0.096237
24.1605,-0.0952788
24.1705,-0.0943302
24.1805,-0.0933911
24.1905,-0.0924613
24.2005,-0.0915408
24.2105,-0.0906294
24.2205,-0.0897271
24.2305,-0.0888339
24.2405,-0.0879495
24.2505,-0.0870739
24.2605,-0.086207
24.2705,-0.0853487
24.2805,-0.084499
24.2905,-0.0836578
24.3005,-0.0828249
24.3105,-0.0820004
24.3205,-0.081184
24.3305,-0.0803758
24.3405,-0.0795756
24.3505,-0.0787834
24.3605,-0.0779991
24.3705,-0.0772226
24.3805,-0.0764538
24.3905,-0.0756927
24.4005,-0.0749391
24.4105,-0.0741931
24.4205,-0.0734545
24.4305,-0.0727233
24.4405,-0.0719993
24.4505,-0.0712825
24.4605,-0.0705729
24.4705,-0.0698704
24.4805,-0.0691748
24.4905,-0.0684862
24.5005,-0.0678044
24.5105,-0.0671294
24.5205,-0.0664611
24.5305,-0.0657995
24.5405,-0.0651445
24.5505,-0.064496
24.5605,-0.063854
24.5705,-0.0632183
24.5805,-0.062589
24.5905,-0.0619659
24.6005,-0.0613491
24.6105,-0.0607384
24.6205,-0.0601337
24.6305,-0.0595351
24.6405,-0.0589425
24.6505,-0.0583557
24.6605,-0.0577748
24.6705,-0.0571997
24.6805,-0.0566304
24.6905,-0.0560666
24.7005,-0.0555085
24.7105,-0.054956
24.7205,-0.0544089
24.7305,-0.0538673
24.7405,-0.0533311
24.7505,-0.0528002
24.7605,-0.0522746
24.7705,-0.0517543
24.7805,-0.0512391
24.7905,-0.0507291
24.8005,-0.0502242
24.8105,-0.0497242
24.8205,-0.0492293
24.8305,-0.0487393
24.8405,-0.0482541
24.8505,-0.0477738
24.8605,-0.0472983
24.8705,-0.0468275
24.8805,-0.0463614
24.8905,-0.0458999
24.9005,-0.045443
24.9105,-0.0449907
24.9205,-0.0445429
24.9305,-0.0440995
24.9405,-0.0436606
24.9505,-0.043226
24.9605,-0.0427958
24.9705,-0.0423698
24.9805,-0.0419481
24.9905,-0.0415305
25.0005,-0.0411172
25.0105,-0.0407079
25.0205,-0.0403027
25.0305,-0.0399016
25.0405,-0.0395044
25.0505,-0.0391112
25.0605,-0.038722
25.0705,-0.0383365
25.0805,-0.037955
25.0905,-0.0375772
25.1005,-0.0372032
25.1105,-0.0368329
25.1205,-0.0364663
25.1305,-0.0361034
25.1405,-0.035744
25.1505,-0.0353883
25.1605,-0.035036
25.1705,-0.0346874
25.1805,-0.0343421
25.1905,-0.0340003
25.2005,-0.0336619
25.2105,-0.0333269
25.2205,-0.0329952
25.2305,-0.0326668
25.2405,-0.0323417
25.2505,-0.0320198
25.2605,-0.0317011
25.2705,-0.0313856
25.2805,-0.0310733
25.2905,-0.030764
25.3005,-0.0304578
25.3105,-0.0301547
25.3205,-0.0298546
25.3305,-0.0295575
25.3405,-0.0292633
25.3505,-0.0289721
25.3605,-0.0286837
25.3705,-0.0283983
25.3805,-0.0281156
25.3905,-0.0278358
25.4005,-0.0275588
25.4105,-0.0272845
25.4205,-0.027013
25.4305,-0.0267442
25.4405,-0.026478
25.4505,-0.0262145
25.4605,-0.0259536
25.4705,-0.0256954
25.4805,-0.0254396
25.4905,-0.0251865
25.5005,-0.0249358
25.5105,-0.0246877
25.5205,-0.024442
25.5305,-0.0241987
25.5405,-0.0239579
25.5505,-0.0237195
25.5605,-0.0234835
25.5705,-0.0232498
25.5805,-0.0230184
25.5905,-0.0227893
25.6005,-0.0225625
25.6105,-0.022338
25.6205,-0.0221157
25.6305,-0.0218956
25.6405,-0.0216777
25.6505,-0.021462
25.6605,-0.0212484
25.6705,-0.0210369
25.6805,-0.0208276
25.6905,-0.0206203
25.7005,-0.0204151
25.7105,-0.020212
25.7205,-0.0200109
25.7305,-0.0198117
25.7405,-0.0196146
25.7505,-0.0194194
25.7605,-0.0192262
25.7705,-0.0190349
25.7805,-0.0188454
25.7905,-0.0186579
25.8005,-0.0184723
25.8105,-0.0182884
25.8205,-0.0181065
25.8305,-0.0179263
25.8405,-0.0177479
25.8505,-0.0175713
25.8605,-0.0173965
25.8705,-0.0172234
25.8805,-0.017052
25.8905,-0.0168823
25.9005,-0.0167143
25.9105,-0.016548
25.9205,-0.0163833
25.9305,-0.0162203
25.9405,-0.0160589
25.9505,-0.0158991
25.9605,-0.0157409
25.9705,-0.0155843
25.9805,-0.0154292
25.9905,-0.0152757
26.0005,-0.0151237
26.0105,-0.0149732
26.0205,-0.0148242
26.0305,-0.0146767
26.0405,-0.0145307
26.0505,-0.0143861
26.0605,-0.014243
26.0705,-0.0141013
26.0805,-0.013961
26.0905,-0.0138221
26.1005,-0.0136845
26.1105,-0.0135484
26.1205,-0.0134136
26.1305,-0.0132801
26.1405,-0.013148
26.1505,-0.0130172
26.1605,-0.0128876
26.1705,-0.0127594
26.1805,-0.0126324
26.1905,-0.0125068
26.2005,-0.0123823
26.2105,-0.0122591
26.2205,-0.0121371
26.2305,-0.0120164
26.2405,-0.0118968
26.2505,-0.0117784
26.2605,-0.0116613
26.2705,-0.0115452
26.2805,-0.0114304
26.2905,-0.0113166
26.3005,-0.0112041
26.3105,-0.0110926
26.3205,-0.0109822
26.3305,-0.010873
26.3405,-0.0107648
26.3505,-0.0106577
26.3605,-0.0105516
26.3705,-0.0104467
26.3805,-0.0103427
26.3905,-0.0102398
26.4005,-0.0101379
26.4105,-0.0100371
26.4205,-0.00993723
26.4305,-0.00983835
26.4405,-0.00974047
26.4505,-0.00964356
26.4605,-0.00954761
26.4705,-0.00945264
26.4805,-0.0093586
26.4905,-0.00926549
26.5005,-0.00917331
26.5105,-0.00908205
26.5205,-0.0089917
26.5305,-0.00890226
26.5405,-0.00881368
26.5505,-0.00872599
26.5605,-0.00863917
26.5705,-0.00855322
26.5805,-0.00846814
26.5905,-0.0083839
26.6005,-0.00830049
26.6105,-0.00821791
26.6205,-0.00813615
26.6305,-0.00805521
26.6405,-0.00797508
26.6505,-0.00789575
26.6605,-0.00781719
26.6705,-0.00773941
26.6805,-0.00766241
26.6905,-0.00758619
26.7005,-0.00751072
26.7105,-0.00743602
26.7205,-0.00736206
26.7305,-0.00728881
26.7405,-0.0072163
26.7505,-0.0071445
26.7605,-0.00707342
26.7705,-0.00700306
26.7805,-0.0069334
26.7905,-0.00686443
26.8005,-0.00679613
26.8105,-0.00672851
26.8205,-0.00666158
26.8305,-0.00659531
26.8405,-0.0065297
26.8505,-0.00646475
26.8605,-0.00640046
26.8705,-0.0063368
26.8805,-0.00627375
26.8905,-0.00621134
26.9005,-0.00614956
26.9105,-0.00608838
26.9205,-0.00602782
26.9305,-0.00596787
26.9405,-0.00590851
26.9505,-0.00584975
26.9605,-0.00579154
26.9705,-0.00573392
26.9805,-0.00567688
26.9905,-0.0056204
27.0005,-0.00556449
27.0105,-0.00550915
27.0205,-0.00545436
27.0305,-0.00540012
27.0405,-0.00534641
27.0505,-0.00529322
27.0605,-0.00524057
27.0705,-0.00518843
27.0805,-0.00513682
27.0905,-0.00508573
27.1005,-0.00503514
27.1105,-0.00498506
27.1205,-0.00493549
27.1305,-0.00488641
27.1405,-0.0048378
27.1505,-0.00478966
27.1605,-0.00474202
27.1705,-0.00469485
27.1805,-0.00464815
27.1905,-0.00460192
27.2005,-0.00455615
27.2105,-0.00451083
27.2205,-0.00446597
27.2305,-0.00442156
27.2405,-0.0043776
27.2505,-0.00433404
27.2605,-0.00429092
27.2705,-0.00424823
27.2805,-0.00420597
27.2905,-0.00416412
27.3005,-0.00412271
27.3105,-0.00408171
27.3205,-0.00404111
27.3305,-0.00400093
27.3405,-0.00396114
27.3505,-0.00392176
27.3605,-0.00388276
27.3705,-0.00384413
27.3805,-0.00380588
27.3905,-0.00376802
27.4005,-0.00373053
27.4105,-0.00369342
27.4205,-0.00365668
27.4305,-0.00362031
27.4405,-0.0035843
27.4505,-0.00354866
27.4605,-0.00351338
27.4705,-0.00347844
27.4805,-0.00344386
27.4905,-0.00340962
27.5005,-0.0033757
27.5105,-0.00334212
27.5205,-0.00330887
27.5305,-0.00327595
27.5405,-0.00324337
27.5505,-0.00321111
27.5605,-0.00317917
27.5705,-0.00314754
27.5805,-0.00311624
27.5905,-0.00308526
27.6005,-0.00305459
27.6105,-0.00302421
27.6205,-0.00299414
27.6305,-0.00296438
27.6405,-0.00293491
27.6505,-0.0029057
27.6605,-0.0028768
27.6705,-0.00284817
27.6805,-0.00281984
27.6905,-0.0027918
27.7005,-0.00276402
27.7105,-0.00273653
27.7205,-0.00270932
27.7305,-0.00268238
27.7405,-0.00265571
27.7505,-0.0026293
27.7605,-0.00260316
27.7705,-0.00257728
27.7805,-0.00255165
27.7905,-0.00252629
27.8005,-0.00250118
27.8105,-0.00247631
27.8205,-0.00245169
27.8305,-0.0024273
27.8405,-0.00240315
27.8505,-0.00237924
27.8605,-0.00235557
27.8705,-0.00233213
27.8805,-0.00230894
27.8905,-0.00228597
27.9005,-0.00226323
27.9105,-0.00224072
27.9205,-0.00221843
27.9305,-0.00219637
27.9405,-0.00217453
27.9505,-0.00215291
27.9605,-0.0021315
27.9705,-0.00211032
27.9805,-0.00208934
27.9905,-0.00206858
28.0005,-0.00204802
28.0105,-0.00202767
28.0205,-0.00200751
28.0305,-0.00198756
28.0405,-0.00196778
28.0505,-0.0019482
28.0605,-0.00192882
28.0705,-0.00190964
28.0805,-0.00189064
28.0905,-0.00187183
28.1005,-0.00185321
28.1105,-0.00183477
28.1205,-0.00181653
28.1305,-0.00179846
28.1405,-0.00178057
28.1505,-0.00176287
28.1605,-0.00174534
28.1705,-0.00172799
28.1805,-0.0017108
28.1905,-0.00169379
28.2006,-0.00167695
28.2106,-0.00166029
28.2206,-0.00164379
28.2306,-0.00162745
28.2406,-0.00161128
28.2506,-0.00159527
28.2606,-0.00157941
28.2706,-0.00156371
28.2806,-0.00154818
28.2906,-0.0015328
28.3006,-0.00151754
28.3106,-0.00150244
28.3206,-0.0014875
28.3306,-0.0014727
28.3406,-0.00145805
28.3506,-0.00144355
28.3606,-0.00142919
28.3706,-0.00141497
28.3806,-0.00140089
28.3906,-0.00138696
28.4006,-0.00137316
28.4106,-0.0013595
28.4206,-0.00134598
28.4306,-0.0013326
28.4406,-0.00131935
28.4506,-0.00130624
28.4606,-0.00129324
28.4706,-0.00128038
28.4806,-0.00126766
28.4906,-0.00125505
28.5006,-0.00124258
28.5106,-0.00123023
28.5206,-0.00121799
28.5306,-0.00120589
28.5406,-0.00119391
28.5506,-0.00118205
28.5606,-0.00117031
28.5706,-0.00115869
28.5806,-0.00114717
28.5906,-0.00113577
28.6006,-0.00112449
28.6106,-0.00111331
28.6206,-0.00110225
28.6306,-0.0010913
28.6406,-0.00108047
28.6506,-0.00106972
28.6606,-0.00105907
28.6706,-0.00104852
28.6806,-0.00103808
28.6906,-0.00102774
28.7006,-0.00101751
28.7106,-0.00100738
28.7206,-0.00099736
28.7306,-0.00098744
28.7406,-0.00097761
28.7506,-0.000967885
28.7606,-0.000958249
28.7706,-0.000948717
28.7806,-0.000939274
28.7906,-0.000929936
28.8006,-0.000920688
28.8106,-0.000911528
28.8206,-0.000902458
28.8306,-0.000893478
28.8406,-0.000884587
28.8506,-0.000875785
28.8606,-0.000867073
28.8706,-0.00085845
28.8806,-0.000849917
28.8906,-0.000841473
28.9006,-0.000833103
28.9106,-0.000824823
28.9206,-0.000816617
28.9306,-0.000808501
28.9406,-0.000800459
28.9506,-0.000792507
28.9606,-0.000784629
28.9706,-0.000776826
28.9806,-0.000769112
28.9906,-0.000761473
29.0006,-0.000753908
29.0106,-0.000746417
29.0206,-0.000739001
29.0306,-0.00073166
29.0406,-0.000724393
29.0506,-0.000717201
29.0606,-0.000710083
29.0706,-0.000703025
29.0806,-0.000696041
29.0906,-0.000689132
29.1006,-0.000682297
29.1106,-0.000675522
29.1206,-0.000668821
29.1306,-0.00066218
29.1406,-0.000655614
29.1506,-0.000649107
29.1606,-0.00064266
29.1706,-0.000636287
29.1806,-0.000629949
29.1906,-0.00062367
29.2006,-0.000617452
29.2106,-0.000611307
29.2206,-0.000605223
29.2306,-0.000599198
29.2406,-0.000593232
29.2506,-0.000587326
29.2606,-0.00058148
29.2706,-0.000575693
29.2806,-0.000569966
29.2906,-0.000564299
29.3006,-0.000558676
29.3106,-0.000553113
29.3206,-0.00054761
29.3306,-0.000542166
29.3406,-0.000536766
29.3506,-0.000531427
29.3606,-0.000526132
29.3706,-0.000520897
29.3806,-0.000515706
29.3906,-0.000510575
29.4006,-0.000505489
29.4106,-0.000500462
29.4206,-0.00049548
29.4306,-0.000490543
29.4406,-0.000485665
29.4506,-0.000480832
29.4606,-0.000476044
29.4706,-0.000471315
29.4806,-0.000466631
29.4906,-0.000461992
29.5006,-0.000457397
29.5106,-0.000452848
29.5206,-0.000448342
29.5306,-0.000443882
29.5406,-0.000439466
29.5506,-0.000435095
29.5606,-0.000430769
29.5706,-0.000426487
29.5806,-0.00042225
29.5906,-0.000418058
29.6006,-0.000413896
29.6106,-0.000409778
29.6206,-0.000405705
29.6306,-0.000401677
29.6406,-0.000397678
29.6506,-0.000393724
29.6606,-0.000389815
29.6706,-0.000385936
29.6806,-0.000382101
29.6906,-0.000378311
29.7006,-0.000374551
29.7106,-0.000370836
29.7206,-0.00036715
29.7306,-0.000363509
29.7406,-0.000359898
29.7506,-0.000356317
29.7606,-0.000352781
29.7706,-0.000349274
29.7806,-0.000345812
29.7906,-0.000342379
29.8006,-0.000338977
29.8106,-0.000335619
29.8206,-0.000332291
29.8306,-0.000328993
29.8406,-0.000325725
29.8506,-0.000322486
29.8606,-0.000319292
29.8706,-0.000316128
29.8806,-0.000312994
29.8906,-0.00030989
29.9006,-0.000306815
29.9106,-0.00030377
29.9206,-0.000300755
29.9306,-0.00029777
29.9406,-0.000294814
29.9506,-0.000291889
29.9606,-0.000288993
29.9706,-0.000286127
29.9806,-0.000283291
29.9906,-0.000280484
30.0006,-0.000277708
30.0106,-0.000274961
30.0206,-0.000272229
30.0306,-0.000269527
30.0406,-0.000266855
30.0506,-0.000264212
30.0606,-0.000261599
30.0706,-0.000259002
30.0806,-0.000256434
30.0906,-0.000253895
30.1006,-0.000251387
30.1106,-0.000248893
30.1206,-0.00024643
30.1306,-0.000243996
30.1406,-0.000241577
30.1506,-0.000239188
30.1606,-0.000236813
30.1706,-0.000234469
30.1806,-0.000232154
30.1906,-0.000229855
30.2006,-0.000227585
30.2106,-0.000225329
30.2206,-0.000223104
30.2306,-0.000220894
30.2406,-0.000218688
30.2506,-0.000216498
30.2606,-0.000214337
30.2706,-0.000212192
30.2806,-0.000210076
30.2906,-0.000207975
30.3006,-0.000205888
30.3106,-0.000203832
30.3206,-0.000201791
30.3306,-0.000199779
30.3406,-0.000197782
30.3506,-0.0001958
30.3606,-0.000193848
30.3706,-0.000191911
30.3806,-0.000189989
30.3906,-0.000188096
30.4006,-0.000186219
30.4106,-0.000184356
30.4206,-0.000182508
30.4306,-0.000180691
30.4406,-0.000178887
30.4506,-0.000177099
30.4606,-0.000175326
30.4706,-0.000173568
30.4806,-0.000171839
30.4906,-0.000170126
30.5006,-0.000168427
30.5106,-0.000166743
30.5206,-0.000165074
30.5306,-0.00016342
30.5406,-0.000161781
30.5506,-0.000160157
30.5606,-0.000158562
30.5706,-0.000157008
30.5806,-0.000155443
30.5906,-0.000153893
30.6006,-0.000152358
30.6106,-0.000150838
30.6206,-0.000149333
30.6306,-0.000147843
30.6406,-0.000146368
30.6506,-0.000144908
30.6606,-0.000143462
30.6706,-0.000142032
30.6806,-0.000140616
30.6906,-0.000139216
30.7006,-0.00013783
30.7106,-0.000136459
30.7206,-0.000135088
30.7306,-0.000133732
30.7406,-0.000132391
30.7506,-0.000131065
30.7606,-0.000129753
30.7706,-0.000128457
30.7806,-0.000127175
30.7906,-0.000125909
30.8006,-0.000124657
30.8106,-0.000123405
30.8206,-0.000122169
30.8306,-0.000120947
30.8406,-0.00011974
30.8506,-0.000118548
30.8606,-0.000117356
30.8706,-0.000116178
30.8806,-0.000115016
30.8906,-0.000113869
30.9006,-0.000112736
30.9106,-0.000111604
30.9206,-0.000110486
30.9306,-0.000109383
30.9406,-0.000108296
30.9506,-0.000107208
30.9606,-0.000106135
30.9706,-0.000105077
30.9806,-0.000104019
30.9906,-0.000102976
31.0006,-0.000101948
31.0106,-0.000100934
31.0206,-9.99212e-005
31.0306,-9.89228e-005
31.0406,-9.79394e-005
31.0506,-9.69559e-005
31.0606,-9.59873e-005
31.0706,-9.50336e-005
31.0806,-9.408e-005
31.0906,-9.31412e-005
31.1006,-9.22024e-005
31.1106,-9.12785e-005
31.1206,-9.03696e-005
31.1306,-8.94606e-005
31.1406,-8.85665e-005
31.1506,-8.76874e-005
31.1606,-8.68082e-005
31.1706,-8.59439e-005
31.1806,-8.50797e-005
31.1906,-8.42551e-005
31.2006,-8.34057e-005
31.2106,-8.25713e-005
31.2206,-8.17517e-005
31.2306,-8.09321e-005
31.2406,-8.01275e-005
31.2506,-7.93228e-005
31.2606,-7.85331e-005
31.2706,-7.77433e-005
31.2806,-7.69684e-005
31.2906,-7.61936e-005
31.3006,-7.54336e-005
31.3106,-7.46737e-005
31.3206,-7.39286e-005
31.3306,-7.31835e-005
31.3406,-7.24534e-005
31.3506,-7.17232e-005
31.3606,-7.1008e-005
31.3706,-7.02927e-005
31.3806,-6.95924e-005
31.3906,-6.8892e-005
31.4006,-6.82066e-005
31.4106,-6.75211e-005
31.4206,-6.68505e-005
31.4306,-6.618e-005
31.4406,-6.55243e-005
31.4506,-6.48687e-005
31.4606,-6.4213e-005
31.4706,-6.35723e-005
31.4806,-6.29315e-005
31.4906,-6.23057e-005
31.5006,-6.16798e-005
31.5106,-6.10689e-005
31.5206,-6.04579e-005
31.5306,-5.9847e-005
31.5406,-5.92509e-005
31.5506,-5.86549e-005
31.5606,-5.80738e-005
31.5706,-5.74926e-005
31.5806,-5.69115e-005
31.5906,-5.63452e-005
31.6006,-5.5779e-005
31.6106,-5.52276e-005
31.6206,-5.46763e-005
31.6306,-5.4125e-005
31.6406,-5.35885e-005
31.6506,-5.30521e-005
31.6606,-5.25156e-005
31.6706,-5.19941e-005
31.6806,-5.14725e-005
31.6906,-5.0951e-005
31.7006,-5.04444e-005
31.7106,-4.99377e-005
31.7206,-4.94311e-005
31.7306,-4.89393e-005
31.7406,-4.84476e-005
31.7506,-4.79559e-005
31.7606,-4.7479e-005
31.7706,-4.70022e-005
31.7806,-4.65254e-005
31.7906,-4.60634e-005
31.8006,-4.56015e-005
31.8106,-4.51395e-005
31.8206,-4.46925e-005
31.8306,-4.42455e-005
31.8406,-4.37984e-005
31.8506,-4.33663e-005
31.8606,-4.29342e-005
31.8706,-4.2502e-005
31.8806,-4.20699e-005
31.8906,-4.16527e-005
31.9006,-4.12354e-005
31.9106,-4.08182e-005
31.9206,-4.04159e-005
31.9306,-4.00136e-005
31.9406,-3.96112e-005
31.9506,-3.92089e-005
31.9606,-3.88215e-005
31.9706,-3.8434e-005
31.9806,-3.80466e-005
31.9906,-3.76592e-005
32.0006,-3.72866e-005
32.0106,-3.69141e-005
32.0206,-3.65416e-005
32.0306,-3.61691e-005
32.0406,-3.58114e-005
32.0506,-3.54538e-005
32.0606,-3.50962e-005
32.0706,-3.47385e-005
32.0806,-3.43958e-005
32.0906,-3.40531e-005
32.1006,-3.37104e-005
32.1106,-3.33676e-005
32.1206,-3.30398e-005
32.1306,-3.2712e-005
32.1406,-3.23842e-005
32.1506,-3.20563e-005
32.1606,-3.17285e-005
32.1706,-3.14156e-005
32.1806,-3.11027e-005
32.1906,-3.07897e-005
32.2006,-3.04768e-005
32.2106,-3.01788e-005
32.2206,-2.98808e-005
32.2306,-2.95827e-005
32.2406,-2.92847e-005
32.2506,-2.89867e-005
32.2606,-2.87036e-005
32.2706,-2.84204e-005
32.2806,-2.81373e-005
32.2906,-2.78542e-005
32.3006,-2.75711e-005
32.3106,-2.7288e-005
32.3206,-2.70197e-005
32.3306,-2.67515e-005
32.3406,-2.64833e-005
32.3506,-2.62151e-005
32.3606,-2.59469e-005
32.3706,-2.56935e-005
32.3806,-2.54402e-005
32.3906,-2.51869e-005
32.4006,-2.49336e-005
32.4106,-2.46803e-005
32.4206,-2.44269e-005
32.4306,-2.41885e-005
32.4406,-2.39501e-005
32.4506,-2.37117e-005
32.4606,-2.34733e-005
32.4706,-2.32348e-005
32.4806,-2.29964e-005
32.4906,-2.27729e-005
32.5006,-2.25494e-005
32.5106,-2.23259e-005
32.5205,-2.21024e-005
32.5305,-2.18788e-005
32.5405,-2.16553e-005
32.5505,-2.14318e-005
32.5605,-2.12232e-005
32.5705,-2.10146e-005
32.5805,-2.0806e-005
32.5905,-2.05973e-005
32.6005,-2.03887e-005
32.6105,-2.01801e-005
32.6205,-1.99715e-005
32.6305,-1.97778e-005
32.6405,-1.95841e-005
32.6505,-1.93903e-005
32.6605,-1.91966e-005
32.6705,-1.90029e-005
32.6805,-1.88092e-005
32.6905,-1.86155e-005
32.7005,-1.84367e-005
32.7105,-1.82579e-005
32.7205,-1.8079e-005
32.7305,-1.79002e-005
32.7405,-1.77214e-005
32.7505,-1.75426e-005
32.7605,-1.73638e-005
32.7705,-1.7185e-005
32.7805,-1.70062e-005
32.7905,-1.68422e-005
32.8005,-1.66783e-005
32.8105,-1.65144e-005
32.8205,-1.63505e-005
32.8305,-1.61866e-005
32.8405,-1.60227e-005
32.8505,-1.58588e-005
32.8605,-1.56949e-005
32.8705,-1.55309e-005
32.8805,-1.53819e-005
32.8905,-1.52329e-005
32.9005,-1.50839e-005
32.9105,-1.49349e-005
32.9205,-1.47859e-005
32.9305,-1.46369e-005
32.9405,-1.44879e-005
32.9505,-1.43389e-005
32.9605,-1.41898e-005
32.9705,-1.40408e-005
32.9805,-1.39067e-005
32.9905,-1.37726e-005
33.0005,-1.36385e-005
33.0105,-1.35044e-005
33.0205,-1.33703e-005
33.0305,-1.32362e-005
33.0405,-1.31021e-005
33.0505,-1.29679e-005
33.0605,-1.28338e-005
33.0705,-1.26997e-005
33.0805,-1.25656e-005
33.0905,-1.24464e-005
33.1005,-1.23272e-005
33.1105,-1.2208e-005
33.1204,-1.20888e-005
33.1304,-1.19696e-005
33.1404,-1.18504e-005
33.1504,-1.17311e-005
33.1604,-1.16119e-005
33.1704,-1.14927e-005
33.1804,-1.13735e-005
33.1904,-1.12543e-005
33.2004,-1.11351e-005
33.2104,-1.10308e-005
33.2204,-1.09265e-005
33.2304,-1.0847e-005
33.2404,-1.07427e-005
33.2504,-1.06384e-005
33.2604,-1.05341e-005
33.2704,-1.04297e-005
33.2804,-1.03254e-005
33.2904,-1.02211e-005
33.3004,-1.01168e-005
33.3104,-1.00125e-005
33.3204,-9.90821e-006
33.3304,-9.8039e-006
33.3404,-9.69959e-006
33.3504,0.000558272
33.3604,0.0011176
33.3704,0.00166842
33.3804,0.00221081
33.3904,0.00274486
33.4004,0.00327067
33.4104,0.00378833
33.4204,0.00429794
33.4304,0.00479959
33.4404,0.00529336
33.4504,0.00577935
33.4604,0.00625763
33.4704,0.00672833
33.4804,0.00719149
33.4904,0.00764723
33.5004,0.00809561
33.5104,0.00853676
33.5204,0.00897071
33.5304,0.00939759
33.5404,0.00981744
33.5504,0.0102304
33.5604,0.0106365
33.5704,0.0110359
33.5804,0.0114286
33.5904,0.0118147
33.6004,0.0121943
33.6104,0.0125674
33.6204,0.0129342
33.6304,0.0132948
33.6404,0.0136491
33.6504,0.0139973
33.6604,0.0143395
33.6704,0.0146758
33.6804,0.0150061
33.6904,0.0153306
33.7004,0.0156494
33.7104,0.0159625
33.7203,0.01627
33.7303,0.0165719
33.7403,0.0168685
33.7503,0.0171596
33.7603,0.0174454
33.7703,0.017726
33.7803,0.0180014
33.7903,0.0182716
33.8003,0.0185369
33.8103,0.0187971
33.8203,0.0190524
33.8303,0.0193029
33.8403,0.0195486
33.8503,0.0197896
33.8603,0.020026
33.8703,0.0202577
33.8803,0.0204849
33.8903,0.0207076
33.9003,0.0209259
33.9103,0.0211399
33.9203,0.0213495
33.9303,0.021555
33.9403,0.0217562
33.9503,0.0219534
33.9603,0.0221464
33.9703,0.0223355
33.9803,0.0225206
33.9903,0.0227018
34.0003,0.0228792
34.0103,0.0230528
34.0203,0.0232227
34.0303,0.0233888
34.0403,0.0235514
34.0503,0.0237103
34.0603,0.0238657
34.0703,0.0240177
34.0803,0.0241662
34.0903,0.0243113
34.1003,0.0244531
34.1103,0.0245917
34.1203,0.0247269
34.1303,0.024859
34.1403,0.0249879
34.1503,0.0251138
34.1603,0.0252365
34.1703,0.0253563
34.1803,0.0254731
34.1903,0.025587
34.2003,0.025698
34.2103,0.0258062
34.2203,0.0259115
34.2303,0.0260142
34.2403,0.0261141
34.2503,0.0262113
34.2603,0.0263059
34.2703,0.0263979
34.2803,0.0264873
34.2903,0.0265743
34.3003,0.0266588
34.3102,0.0267408
34.3202,0.0268204
34.3302,0.0268976
34.3402,0.0269725
34.3502,0.0270451
34.3602,0.0271154
34.3702,0.0271835
34.3802,0.0272494
34.3902,0.0273132
34.4002,0.0273749
34.4102,0.0274344
34.4202,0.0274919
34.4302,0.0275474
34.4402,0.0276009
34.4502,0.0276524
34.4602,0.027702
34.4702,0.0277496
34.4802,0.0277955
34.4902,0.0278394
34.5002,0.0278816
34.5102,0.027922
34.5202,0.0279606
34.5302,0.0279975
34.5402,0.0280326
34.5502,0.0280662
34.5602,0.028098
34.5702,0.0281282
34.5802,0.0281569
34.5902,0.0281839
34.6002,0.0282095
34.6102,0.0282335
34.6202,0.028256
34.6302,0.0282771
34.6402,0.0282967
34.6502,0.0283149
34.6602,0.0283316
34.6702,0.0283471
34.6802,0.0283611
34.6902,0.0283739
34.7002,0.0283853
34.7102,0.0283955
34.7202,0.0284044
34.7302,0.028412
34.7402,0.0284185
34.7502,0.0284237
34.7602,0.0284278
34.7702,0.0284307
34.7802,0.0284324
34.7902,0.0284331
34.8002,0.0284326
34.8102,0.0284311
34.8202,0.0284285
34.8302,0.0284249
34.8402,0.0284202
34.8502,0.0284145
34.8602,0.0284079
34.8702,0.0284003
34.8802,0.0283917
34.8902,0.0283822
34.9002,0.0283717
34.9101,0.0283604
34.9201,0.0283482
34.9301,0.0283351
34.9401,0.0283211
34.9501,0.0283063
34.9601,0.0282907
34.9701,0.0282743
34.9801,0.0282571
34.9901,0.0282391
35.0001,0.0282203
35.0101,0.0282008
35.0201,0.0281805
35.0301,0.0281595
35.0401,0.0281378
35.0501,0.0281154
35.0601,0.0280923
35.0701,0.0280686
35.0801,0.0280442
35.0901,0.0280192
35.1001,0.0279935
35.1101,0.0279672
35.1201,0.0279403
35.1301,0.0279128
35.1401,0.0278847
35.1501,0.0278561
35.1601,0.0278268
35.1701,0.0277971
35.1801,0.0277668
35.1901,0.0277359
35.2001,0.0277046
35.2101,0.0276727
35.2201,0.0276403
35.2301,0.0276075
35.2401,0.0275741
35.2501,0.0275403
35.2601,0.0275061
35.2701,0.0274714
35.2801,0.0274362
35.2901,0.0274007
35.3001,0.0273647
35.3101,0.0273283
35.3201,0.0272915
35.3301,0.0272543
35.3401,0.0272167
35.3501,0.0271787
35.3601,0.0271404
35.3701,0.0271017
35.3801,0.0270627
35.3901,0.0270233
35.4001,0.0269835
35.4101,0.0269435
35.4201,0.0269032
35.4301,0.0268625
35.4401,0.0268215
35.4501,0.0267802
35.4601,0.0267387
35.4701,0.0266968
35.4801,0.0266546
35.4901,0.0266122
35.5,0.0265696
35.51,0.0265266
35.52,0.0264834
35.53,0.02644
35.54,0.0263963
35.55,0.0263525
35.56,0.0263083
35.57,0.026264
35.58,0.0262195
35.59,0.0261747
35.6,0.0261297
35.61,0.0260845
35.62,0.0260392
35.63,0.0259936
35.64,0.0259479
35.65,0.025902
35.66,0.0258559
35.67,0.0258096
35.68,0.0257632
35.69,0.0257167
35.7,0.02567
35.71,0.0256231
35.72,0.0255761
35.73,0.025529
35.74,0.0254817
35.75,0.0254343
35.76,0.0253867
35.77,0.0253391
35.78,0.0252913
35.79,0.0252434
35.8,0.0251954
35.81,0.0251473
35.82,0.0250991
35.83,0.0250508
35.84,0.0250025
35.85,0.024954
35.86,0.0249055
35.87,0.0248569
35.88,0.0248082
35.89,0.0247594
35.9,0.0247106
35.91,0.0246616
35.92,0.0246127
35.93,0.0245637
35.94,0.0245145
35.95,0.0244654
35.96,0.0244161
35.97,0.0243669
35.98,0.0243176
35.99,0.0242683
36,0.0242189
36.01,0.0241694
36.02,0.02412
36.03,0.0240705
36.04,0.024021
36.05,0.0239715
36.06,0.0239219
36.07,0.0238723
36.08,0.0238227
36.09,0.0237731
36.0999,0.0237234
36.1099,0.0236738
36.1199,0.0236241
36.1299,0.0235744
36.1399,0.0235248
36.1499,0.0234751
36.1599,0.0234254
36.1699,0.0233758
36.1799,0.0233261
36.1899,0.0232764
36.1999,0.0232268
36.2099,0.0231771
36.2199,0.0231275
36.2299,0.0230779
36.2399,0.0230283
36.2499,0.0229788
36.2599,0.0229292
36.2699,0.0228796
36.2799,0.0228301
36.2899,0.0227806
36.2999,0.0227311
36.3099,0.0226816
36.3199,0.0226322
36.3299,0.0225828
36.3399,0.0225335
36.3499,0.0224841
36.3599,0.0224349
36.3699,0.0223856
36.3799,0.0223364
36.3899,0.0222872
36.3999,0.0222381
36.4099,0.022189
36.4199,0.02214
36.4299,0.022091
36.4399,0.022042
36.4499,0.0219931
36.4599,0.0219443
36.4699,0.0218955
36.4799,0.0218467
36.4899,0.021798
36.4999,0.0217493
36.5099,0.0217007
36.5199,0.0216522
36.5299,0.0216037
36.5399,0.0215552
36.5499,0.0215069
36.5599,0.0214586
36.5699,0.0214103
36.5799,0.0213621
36.5899,0.021314
36.5999,0.0212659
36.6099,0.0212179
36.6199,0.0211699
36.6299,0.021122
36.6399,0.0210742
36.6499,0.0210265
36.6599,0.0209788
36.6699,0.0209311
36.6799,0.0208836
36.6898,0.0208361
36.6998,0.0207887
36.7098,0.0207414
36.7198,0.0206942
36.7298,0.020647
36.7398,0.0205999
36.7498,0.0205529
36.7598,0.020506
36.7698,0.0204591
36.7798,0.0204123
36.7898,0.0203655
36.7998,0.0203189
36.8098,0.0202723
36.8198,0.0202258
36.8298,0.0201793
36.8398,0.020133
36.8498,0.0200867
36.8598,0.0200405
36.8698,0.0199944
36.8798,0.0199484
36.8898,0.0199025
36.8998,0.0198566
36.9098,0.0198108
36.9198,0.0197651
36.9298,0.0197194
36.9398,0.0196739
36.9498,0.0196284
36.9598,0.0195831
36.9698,0.0195378
36.9798,0.0194925
36.9898,0.0194474
36.9998,0.0194024
37.0098,0.0193575
37.0198,0.0193126
37.0298,0.0192678
37.0398,0.0192232
37.0498,0.0191785
37.0598,0.019134
37.0698,0.0190896
37.0798,0.0190452
37.0898,0.019001
37.0998,0.0189568
37.1098,0.0189127
37.1198,0.0188688
37.1298,0.0188248
37.1398,0.018781
37.1498,0.0187373
37.1598,0.0186937
37.1698,0.0186501
37.1798,0.0186067
37.1898,0.0185633
37.1998,0.0185201
37.2098,0.0184769
37.2198,0.0184338
37.2298,0.0183908
37.2398,0.0183478
37.2498,0.018305
37.2598,0.0182623
37.2698,0.0182196
37.2798,0.018177
37.2897,0.0181346
37.2997,0.0180922
37.3097,0.0180499
37.3197,0.0180077
37.3297,0.0179656
37.3397,0.0179236
37.3497,0.0178817
37.3597,0.0178398
37.3697,0.0177981
37.3797,0.0177564
37.3897,0.0177148
37.3997,0.0176734
37.4097,0.017632
37.4197,0.0175907
37.4297,0.0175495
37.4397,0.0175084
37.4497,0.0174674
37.4597,0.0174265
37.4697,0.0173856
37.4797,0.0173449
37.4897,0.0173043
37.4997,0.0172637
37.5097,0.0172233
37.5197,0.0171829
37.5297,0.0171426
37.5397,0.0171024
37.5497,0.0170623
37.5597,0.0170223
37.5697,0.0169823
37.5797,0.0169425
37.5897,0.0169028
37.5997,0.0168631
37.6097,0.0168235
37.6197,0.0167841
37.6297,0.0167447
37.6397,0.0167054
37.6497,0.0166662
37.6597,0.0166271
37.6697,0.0165881
37.6797,0.0165492
37.6897,0.0165103
37.6997,0.0164716
37.7097,0.0164329
37.7197,0.0163943
37.7297,0.0163558
37.7397,0.0163174
37.7497,0.0162792
37.7597,0.016241
37.7697,0.0162029
37.7797,0.0161648
37.7897,0.0161269
37.7997,0.016089
37.8097,0.0160512
37.8197,0.0160135
37.8297,0.0159759
37.8397,0.0159385
37.8497,0.0159011
37.8597,0.0158637
37.8697,0.0158265
37.8797,0.0157894
37.8896,0.0157523
37.8996,0.0157153
37.9096,0.0156785
37.9196,0.0156416
37.9296,0.015605
37.9396,0.0155684
37.9496,0.0155318
37.9596,0.0154954
37.9696,0.0154591
37.9796,0.0154228
37.9896,0.0153866
37.9996,0.0153505
38.0096,0.0153145
38.0196,0.0152785
38.0296,0.0152427
38.0396,0.0152069
38.0496,0.0151712
38.0596,0.0151357
38.0696,0.0151002
38.0796,0.0150648
38.0896,0.0150294
38.0996,0.0149942
38.1096,0.0149591
38.1196,0.014924
38.1296,0.014889
38.1396,0.0148542
38.1496,0.0148194
38.1596,0.0147846
38.1696,0.01475
38.1796,0.0147154
38.1896,0.0146809
38.1996,0.0146465
38.2096,0.0146122
38.2196,0.014578
38.2296,0.0145438
38.2396,0.0145097
38.2496,0.0144758
38.2596,0.0144419
38.2696,0.014408
38.2796,0.0143743
38.2896,0.0143407
38.2996,0.0143071
38.3096,0.0142736
38.3196,0.0142402
38.3296,0.0142069
38.3396,0.0141737
38.3496,0.0141405
38.3596,0.0141074
38.3696,0.0140745
38.3796,0.0140416
38.3896,0.0140087
38.3996,0.013976
38.4096,0.0139433
38.4196,0.0139107
38.4296,0.0138782
38.4396,0.0138457
38.4496,0.0138134
38.4596,0.0137811
38.4696,0.0137489
38.4795,0.0137168
38.4895,0.0136848
38.4995,0.0136528
38.5095,0.013621
38.5195,0.0135891
38.5295,0.0135574
38.5395,0.0135258
38.5495,0.0134942
38.5595,0.0134627
38.5695,0.0134313
38.5795,0.0133999
38.5895,0.0133687
38.5995,0.0133375
38.6095,0.0133064
38.6195,0.0132754
38.6295,0.0132444
38.6395,0.0132136
38.6495,0.0131828
38.6595,0.0131521
38.6695,0.0131214
38.6795,0.0130909
38.6895,0.0130604
38.6995,0.0130299
38.7095,0.0129996
38.7195,0.0129693
38.7295,0.0129391
38.7395,0.0129089
38.7495,0.0128788
38.7595,0.0128489
38.7695,0.012819
38.7795,0.0127891
38.7895,0.0127594
38.7995,0.0127298
38.8095,0.0127002
38.8195,0.0126707
38.8295,0.0126412
38.8395,0.0126118
38.8495,0.0125825
38.8595,0.0125532
38.8695,0.0125241
38.8795,0.012495
38.8895,0.0124659
38.8995,0.0124369
38.9095,0.0124081
38.9195,0.0123793
38.9295,0.0123505
38.9395,0.0123219
38.9495,0.0122933
38.9595,0.0122647
38.9695,0.0122363
38.9795,0.0122079
38.9895,0.0121796
38.9995,0.0121513
39.0095,0.0121231
39.0195,0.012095
39.0295,0.012067
39.0395,0.012039
39.0495,0.0120111
39.0595,0.0119833
39.0695,0.0119555
39.0794,0.0119278
39.0894,0.0119002
39.0994,0.0118727
39.1094,0.0118452
39.1194,0.0118177
39.1294,0.0117904
39.1394,0.0117631
39.1494,0.0117359
39.1594,0.0117087
39.1694,0.0116816
39.1794,0.0116546
39.1894,0.0116276
39.1994,0.0116007
39.2094,0.0115738
39.2194,0.0115471
39.2294,0.0115204
39.2394,0.0114937
39.2494,0.0114672
39.2594,0.0114407
39.2694,0.0114142
39.2794,0.0113878
39.2894,0.0113615
39.2994,0.0113353
39.3094,0.0113092
39.3194,0.0112831
39.3294,0.0112571
39.3394,0.0112311
39.3494,0.0112051
39.3594,0.0111792
39.3694,0.0111534
39.3794,0.0111277
39.3894,0.0111021
39.3994,0.0110765
39.4094,0.0110509
39.4194,0.0110254
39.4294,0.011
39.4394,0.0109747
39.4494,0.0109494
39.4594,0.0109242
39.4694,0.010899
39.4794,0.0108738
39.4894,0.0108488
39.4994,0.0108238
39.5094,0.0107989
39.5194,0.0107741
39.5294,0.0107493
39.5394,0.0107246
39.5494,0.0106999
39.5594,0.0106753
39.5694,0.0106507
39.5794,0.0106263
39.5894,0.0106018
39.5994,0.0105775
39.6094,0.0105531
39.6194,0.0105289
39.6294,0.0105047
39.6394,0.0104806
39.6494,0.0104565
39.6594,0.0104325
39.6693,0.0104085
39.6793,0.0103846
39.6893,0.0103608
39.6993,0.010337
39.7093,0.0103133
39.7193,0.0102896
39.7293,0.010266
39.7393,0.0102424
39.7493,0.0102189
39.7593,0.0101955
39.7693,0.0101721
39.7793,0.0101488
39.7893,0.0101256
39.7993,0.0101024
39.8093,0.0100792
39.8193,0.0100561
39.8293,0.0100331
39.8393,0.0100101
39.8493,0.00998712
39.8593,0.00996427
39.8693,0.00994145
39.8793,0.00991869
39.8893,0.00989597
39.8993,0.00987331
39.9093,0.00985075
39.9193,0.00982821
39.9293,0.00980574
39.9393,0.00978331
39.9493,0.00976093
39.9593,0.00973865
39.9693,0.00971637
39.9793,0.00969418
39.9893,0.009672
39.9993,0.0096499
40.0093,0.00962787
40.0193,0.00960583
40.0293,0.00958389
40.0393,0.00956201
40.0493,0.00954022
40.0593,0.00951842
40.0693,0.00949669
40.0793,0.00947502
40.0893,0.00945344
40.0993,0.00943186
40.1093,0.00941033
40.1193,0.00938887
40.1293,0.00936749
40.1393,0.00934611
40.1493,0.00932479
40.1593,0.00930353
40.1693,0.00928233
40.1793,0.00926118
40.1893,0.0092401
40.1993,0.00921904
40.2093,0.00919803
40.2193,0.00917709
40.2293,0.0091562
40.2393,0.00913537
40.2493,0.00911459
40.2593,0.00909387
40.2692,0.00907321
40.2792,0.0090526
40.2892,0.00903196
40.2992,0.00901137
40.3092,0.00899084
40.3192,0.00897037
40.3292,0.00894995
40.3392,0.00892959
40.3492,0.00890927
40.3592,0.00888902
40.3692,0.00886879
40.3792,0.00884861
40.3892,0.00882849
40.3992,0.00880842
40.4092,0.00878838
40.4192,0.00876844
40.4292,0.00874857
40.4392,0.00872871
40.4492,0.00870891
40.4592,0.00868916
40.4692,0.00866943
40.4792,0.00864976
40.4892,0.00863014
40.4992,0.00861054
40.5092,0.008591
40.5192,0.00857153
40.5292,0.00855212
40.5392,0.00853273
40.5492,0.00851339
40.5592,0.00849407
40.5692,0.00847481
40.5792,0.00845562
40.5892,0.00843649
40.5992,0.00841737
40.6092,0.00839831
40.6192,0.00837927
40.6292,0.00836031
40.6392,0.0083414
40.6492,0.0083225
40.6592,0.00830363
40.6692,0.00828487
40.6792,0.00826613
40.6892,0.00824741
40.6992,0.00822874
40.7092,0.00821014
40.7192,0.00819157
40.7292,0.00817301
40.7392,0.00815456
40.7492,0.00813614
40.7592,0.00811773
40.7692,0.0080994
40.7792,0.00808109
40.7892,0.00806279
40.7992,0.00804461
40.8092,0.00802644
40.8192,0.00800829
40.8292,0.00799021
40.8392,0.00797216
40.8492,0.00795418
40.8591,0.00793622
40.8691,0.00791828
40.8791,0.00790041
40.8891,0.00788256
40.8991,0.00786479
40.9091,0.00784704
40.9191,0.00782936
40.9291,0.00781169
40.9391,0.00779411
40.9491,0.00777654
40.9591,0.00775904
40.9691,0.00774154
40.9791,0.00772404
40.9891,0.00770663
40.9991,0.00768929
41.0091,0.00767196
41.0191,0.00765471
41.0291,0.00763748
41.0391,0.00762029
41.0491,0.00760312
41.0591,0.00758602
41.0691,0.00756893
41.0791,0.00755189
41.0891,0.00753487
41.0991,0.00751792
41.1091,0.00750101
41.1191,0.00748412
41.1291,0.0074673
41.1391,0.00745047
41.1491,0.00743371
41.1591,0.00741702
41.1691,0.00740032
41.1791,0.00738369
41.1891,0.00736711
41.1991,0.00735054
41.2091,0.00733404
41.2191,0.00731753
41.2291,0.00730108
41.2391,0.00728469
41.2491,0.0072683
41.2591,0.00725196
41.2691,0.00723569
41.2791,0.00721946
41.2891,0.00720325
41.2991,0.00718708
41.3091,0.00717095
41.3191,0.00715483
41.3291,0.00713875
41.3391,0.00712275
41.3491,0.00710679
41.3591,0.00709081
41.3691,0.0070749
41.3791,0.00705904
41.3891,0.00704321
41.3991,0.0070274
41.4091,0.00701163
41.4191,0.0069959
41.4291,0.00698024
41.4391,0.00696462
41.4491,0.00694899
41.459,0.00693339
41.469,0.00691787
41.479,0.00690239
41.489,0.00688694
41.499,0.00687154
41.509,0.00685612
41.519,0.00684074
41.529,0.00682543
41.539,0.00681016
41.549,0.00679493
41.559,0.00677974
41.569,0.00676459
41.579,0.00674942
41.589,0.00673429
41.599,0.0067192
41.609,0.00670415
41.619,0.00668914
41.629,0.00667417
41.639,0.00665926
41.649,0.0066444
41.659,0.00662958
41.669,0.00661477
41.679,0.00659999
41.689,0.00658526
41.699,0.0065705
41.709,0.00655578
41.719,0.0065411
41.729,0.00652647
41.739,0.00651186
41.749,0.0064973
41.759,0.00648278
41.769,0.00646829
41.779,0.00645384
41.789,0.00643941
41.799,0.00642501
41.809,0.00641064
41.819,0.00639632
41.829,0.00638203
41.839,0.00636779
41.849,0.00635355
41.859,0.00633941
41.869,0.0063253
41.879,0.00631124
41.889,0.00629718
41.899,0.00628316
41.909,0.00626918
41.919,0.0062552
41.929,0.00624126
41.939,0.00622736
41.949,0.00621347
41.959,0.00619961
41.969,0.00618579
41.979,0.00617198
41.989,0.00615826
41.999,0.00614459
42.009,0.00613091
42.019,0.00611728
42.029,0.00610365
42.039,0.00609006
42.049,0.00607651
42.0589,0.00606296
42.0689,0.00604951
42.0789,0.00603606
42.0889,0.00602265
42.0989,0.00600925
42.1089,0.00599589
42.1189,0.00598253
42.1289,0.00596926
42.1389,0.00595601
42.1489,0.00594276
42.1589,0.00592954
42.1689,0.00591633
42.1789,0.00590316
42.1889,0.00589005
42.1989,0.00587698
42.2089,0.00586391
42.2189,0.00585085
42.2289,0.00583789
42.2389,0.00582493
42.2489,0.00581197
42.2589,0.00579906
42.2689,0.0057862
42.2789,0.00577336
42.2889,0.00576054
42.2989,0.00574774
42.3089,0.00573499
42.3189,0.00572229
42.3289,0.00570959
42.3389,0.00569689
42.3489,0.00568426
42.3589,0.00567166
42.3689,0.00565907
42.3789,0.00564654
42.3889,0.00563402
42.3989,0.00562153
42.4089,0.00560905
42.4189,0.00559663
42.4289,0.00558422
42.4389,0.00557181
42.4489,0.00555946
42.4589,0.00554715
42.4689,0.00553484
42.4789,0.0055226
42.4889,0.00551036
42.4989,0.00549813
42.5089,0.00548596
42.5189,0.0054738
42.5289,0.00546164
42.5389,0.00544954
42.5489,0.00543745
42.5589,0.00542542
42.5689,0.00541342
42.5789,0.00540143
42.5889,0.0053895
42.5989,0.00537758
42.6089,0.00536572
42.6189,0.00535386
42.6289,0.00534201
42.6389,0.00533022
42.6488,0.00531841
42.6588,0.00530666
42.6688,0.00529491
42.6788,0.00528316
42.6888,0.00527148
42.6988,0.0052598
42.7088,0.00524819
42.7188,0.00523658
42.7288,0.00522503
42.7388,0.00521348
42.7488,0.00520194
42.7588,0.00519046
42.7688,0.00517896
42.7788,0.00516751
42.7888,0.00515607
42.7988,0.0051447
42.8088,0.00513332
42.8188,0.00512201
42.8288,0.00511067
42.8388,0.0050994
42.8488,0.00508812
42.8588,0.00507692
42.8688,0.00506568
42.8788,0.0050545
42.8888,0.00504333
42.8988,0.00503222
42.9088,0.00502109
42.9188,0.00501001
42.9288,0.00499894
42.9388,0.00498793
42.9488,0.00497689
42.9588,0.00496592
42.9688,0.00495494
42.9788,0.004944
42.9888,0.00493313
42.9988,0.00492225
43.0088,0.00491141
43.0188,0.00490057
43.0288,0.00488979
43.0388,0.00487898
43.0488,0.00486824
43.0588,0.00485746
43.0688,0.00484675
43.0788,0.0048361
43.0888,0.00482543
43.0988,0.00481481
43.1088,0.00480417
43.1188,0.00479359
43.1288,0.00478307
43.1388,0.00477252
43.1488,0.00476203
43.1588,0.00475152
43.1688,0.00474107
43.1788,0.00473065
43.1888,0.00472023
43.1988,0.00470984
43.2088,0.00469951
43.2188,0.00468916
43.2288,0.00467887
43.2388,0.00466854
43.2487,0.00465825
43.2587,0.00464803
43.2687,0.00463777
43.2787,0.00462757
43.2887,0.00461741
43.2987,0.00460724
43.3087,0.00459711
43.3187,0.00458701
43.3287,0.00457691
43.3387,0.00456684
43.3487,0.00455684
43.3587,0.0045468
43.3687,0.00453679
43.3787,0.00452685
43.3887,0.00451688
43.3987,0.00450693
43.4087,0.00449705
43.4187,0.00448714
43.4287,0.00447726
43.4387,0.00446745
43.4487,0.00445766
43.4587,0.00444784
43.4687,0.00443809
43.4787,0.00442836
43.4887,0.00441861
43.4987,0.00440888
43.5087,0.00439922
43.5187,0.00438959
43.5287,0.00437993
43.5387,0.0043703
43.5487,0.00436073
43.5587,0.00435119
43.5687,0.00434162
43.5787,0.00433209
43.5887,0.00432258
43.5987,0.00431313
43.6087,0.00430366
43.6187,0.00429421
43.6287,0.0042848
43.6387,0.00427541
43.6487,0.004266
43.6587,0.00425664
43.6687,0.00424732
43.6787,0.00423803
43.6887,0.00422876
43.6987,0.00421947
43.7087,0.00421021
43.7187,0.00420098
43.7287,0.00419178
43.7387,0.00418261
43.7487,0.00417343
43.7587,0.00416429
43.7687,0.00415518
43.7787,0.0041461
43.7887,0.00413705
43.7987,0.00412797
43.8087,0.00411892
43.8187,0.0041099
43.8287,0.00410091
43.8386,0.00409195
43.8486,0.00408296
43.8586,0.004074
43.8686,0.00406507
43.8786,0.00405617
43.8886,0.0040473
43.8986,0.00403846
43.9086,0.00402965
43.9186,0.00402081
43.9286,0.004012
43.9386,0.00400321
43.9486,0.00399446
43.9586,0.00398574
43.9686,0.00397705
43.9786,0.00396839
43.9886,0.00395967
43.9986,0.00395097
44.0086,0.00394231
44.0186,0.00393368
44.0286,0.00392507
44.0386,0.0039165
44.0486,0.00390796
44.0586,0.00389945
44.0686,0.00389096
44.0786,0.00388242
44.0886,0.0038739
44.0986,0.00386541
44.1086,0.00385696
44.1186,0.00384853
44.1286,0.00384013
44.1386,0.00383174
44.1486,0.00382337
44.1586,0.00381503
44.1686,0.00380672
44.1786,0.00379844
44.1886,0.0037901
44.1986,0.00378179
44.2086,0.00377351
44.2186,0.00376525
44.2286,0.00375703
44.2386,0.00374881
44.2486,0.00374061
44.2586,0.00373245
44.2686,0.00372431
44.2786,0.00371617
44.2886,0.00370807
44.2986,0.00369999
44.3086,0.00369191
44.3186,0.00368386
44.3286,0.00367585
44.3386,0.00366786
44.3486,0.00365987
44.3586,0.0036519
44.3686,0.00364397
44.3786,0.00363604
44.3886,0.00362814
44.3986,0.00362026
44.4086,0.00361239
44.4186,0.00360448
44.4286,0.0035966
44.4385,0.00358872
44.4485,0.00358086
44.4585,0.00357301
44.4685,0.00356519
44.4785,0.00355739
44.4885,0.0035496
44.4985,0.00354189
44.5085,0.00353422
44.5185,0.00352654
44.5285,0.0035189
44.5385,0.00351125
44.5485,0.00350363
44.5585,0.00349601
44.5685,0.00348842
44.5785,0.00348083
44.5885,0.00347326
44.5985,0.00346573
44.6085,0.00345819
44.6185,0.00345069
44.6285,0.00344318
44.6385,0.0034357
44.6485,0.00342822
44.6585,0.00342077
44.6685,0.00341331
44.6785,0.00340589
44.6885,0.00339846
44.6985,0.00339106
44.7085,0.00338366
44.7185,0.00337629
44.7285,0.00336892
44.7385,0.00336158
44.7485,0.00335423
44.7585,0.00334691
44.7685,0.00333966
44.7785,0.0033324
44.7885,0.00332518
44.7985,0.00331795
44.8085,0.00331075
44.8185,0.00330354
44.8285,0.00329637
44.8385,0.00328919
44.8485,0.00328202
44.8585,0.00327487
44.8685,0.00326771
44.8785,0.00326059
44.8885,0.00325353
44.8985,0.00324647
44.9085,0.00323943
44.9185,0.0032324
44.9285,0.00322536
44.9385,0.00321835
44.9485,0.00321134
44.9585,0.00320433
44.9685,0.00319734
44.9785,0.00319035
44.9885,0.00318343
44.9985,0.00317653
45.0085,0.00316963
45.0185,0.00316273
45.0285,0.00315586
45.0384,0.00314898
45.0484,0.0031421
45.0584,0.00313532
45.0684,0.00312853
45.0784,0.00312174
45.0884,0.00311498
45.0984,0.00310821
45.1084,0.00310145
45.1184,0.00309468
45.1284,0.00308794
45.1384,0.00308126
45.1484,0.00307458
45.1584,0.0030679
45.1684,0.00306124
45.1784,0.00305458
45.1884,0.00304792
45.1984,0.00304133
45.2084,0.00303475
45.2184,0.00302818
45.2284,0.00302161
45.2384,0.00301503
45.2484,0.00300845
45.2584,0.00300196
45.2684,0.00299547
45.2784,0.00298898
45.2884,0.00298248
45.2984,0.00297598
45.3084,0.00296948
45.3184,0.00296308
45.3284,0.00295666
45.3384,0.00295025
45.3484,0.00294383
45.3584,0.00293742
45.3684,0.00293106
45.3784,0.0029247
45.3884,0.00291837
45.3984,0.00291203
45.4084,0.0029057
45.4184,0.00289942
45.4284,0.00289314
45.4384,0.00288686
45.4484,0.00288058
45.4584,0.00287429
45.4684,0.00286809
45.4784,0.0028619
45.4884,0.0028557
45.4984,0.00284949
45.5084,0.00284335
45.5184,0.00283721
45.5284,0.00283106
45.5384,0.00282491
45.5484,0.00281876
45.5584,0.00281267
45.5684,0.00280657
45.5784,0.00280047
45.5884,0.00279437
45.5984,0.00278834
45.6084,0.00278229
45.6184,0.00277625
45.6283,0.0027702
45.6383,0.00276422
45.6483,0.00275823
45.6583,0.00275224
45.6683,0.00274627
45.6783,0.00274037
45.6883,0.00273443
45.6983,0.00272849
45.7083,0.00272255
45.7183,0.00271667
45.7283,0.00271079
45.7383,0.0027049
45.7483,0.00269901
45.7583,0.00269318
45.7683,0.00268735
45.7783,0.00268151
45.7883,0.00267574
45.7983,0.00266996
45.8083,0.00266418
45.8183,0.0026584
45.8283,0.00265268
45.8383,0.00264695
45.8483,0.00264122
45.8583,0.00263549
45.8683,0.00262982
45.8783,0.00262415
45.8883,0.00261844
45.8983,0.00261279
45.9083,0.00260714
45.9183,0.00260149
45.9283,0.00259583
45.9383,0.00259024
45.9483,0.00258464
45.9583,0.00257904
45.9683,0.0025735
45.9783,0.00256793
45.9883,0.00256235
45.9983,0.00255684
46.0083,0.00255132
46.0183,0.00254579
46.0283,0.00254033
46.0383,0.00253487
46.0483,0.00252937
46.0583,0.00252387
46.0683,0.00251843
46.0783,0.00251298
46.0883,0.00250753
46.0983,0.00250215
46.1083,0.00249673
46.1183,0.0024913
46.1283,0.00248594
46.1383,0.00248058
46.1483,0.00247521
46.1583,0.00246987
46.1683,0.00246452
46.1783,0.00245918
46.1883,0.00245389
46.1983,0.00244861
46.2083,0.00244328
46.2183,0.00243802
46.2282,0.00243276
46.2382,0.00242749
46.2482,0.00242225
46.2582,0.00241701
46.2682,0.00241177
46.2782,0.00240658
46.2882,0.00240136
46.2982,0.00239621
46.3082,0.00239105
46.3182,0.00238588
46.3282,0.00238075
46.3382,0.00237561
46.3482,0.00237047
46.3582,0.00236539
46.3682,0.00236028
46.3782,0.00235516
46.3882,0.00235011
46.3982,0.00234502
46.4082,0.00233999
46.4182,0.00233495
46.4282,0.00232992
46.4382,0.00232491
46.4482,0.0023199
46.4582,0.00231489
46.4682,0.0023099
46.4782,0.00230492
46.4882,0.00229999
46.4982,0.00229503
46.5082,0.00229007
46.5182,0.00228516
46.5282,0.00228023
46.5382,0.00227528
46.5482,0.0022704
46.5582,0.00226549
46.5682,0.00226064
46.5782,0.00225575
46.5882,0.00225086
46.5982,0.00224603
46.6082,0.00224116
46.6182,0.00223636
46.6282,0.00223155
46.6382,0.00222671
46.6482,0.00222193
46.6582,0.00221711
46.6682,0.00221236
46.6782,0.0022076
46.6882,0.00220281
46.6982,0.00219807
46.7082,0.00219331
46.7182,0.0021886
46.7282,0.00218389
46.7382,0.00217921
46.7482,0.00217453
46.7582,0.00216981
46.7682,0.00216516
46.7782,0.00216047
46.7882,0.00215584
46.7982,0.0021512
46.8082,0.0021466
46.8181,0.00214199
46.8281,0.00213735
46.8381,0.00213277
46.8481,0.00212815
46.8581,0.0021236
46.8681,0.00211901
46.8781,0.00211448
46.8881,0.00210992
46.8981,0.00210535
46.9081,0.00210085
46.9181,0.00209631
46.9281,0.00209183
46.9381,0.00208731
46.9481,0.00208286
46.9581,0.00207837
46.9681,0.00207388
46.9781,0.00206942
46.9881,0.00206495
46.9981,0.00206051
47.0081,0.00205607
47.0181,0.00205166
47.0281,0.00204725
47.0381,0.00204287
47.0481,0.00203848
47.0581,0.00203412
47.0681,0.00202973
47.0781,0.00202534
47.0881,0.00202097
47.0981,0.0020166
47.1081,0.00201226
47.1181,0.00200792
47.1281,0.00200361
47.1381,0.00199929
47.1481,0.001995
47.1581,0.00199071
47.1681,0.00198645
47.1781,0.00198216
47.1881,0.00197792
47.1981,0.00197365
47.2081,0.00196944
47.2181,0.0019652
47.2281,0.00196102
47.2381,0.0019568
47.2481,0.00195261
47.2581,0.00194842
47.2681,0.0019442
47.2781,0.00194003
47.2881,0.00193583
47.2981,0.00193166
47.3081,0.00192749
47.3181,0.00192334
47.3281,0.0019192
47.3381,0.00191508
47.3481,0.00191093
47.3581,0.00190683
47.3681,0.00190271
47.3781,0.00189864
47.3881,0.00189454
47.3981,0.00189047
47.4081,0.00188639
47.418,0.00188235
47.428,0.00187827
47.438,0.00187425
47.448,0.0018702
47.458,0.00186618
47.468,0.00186215
47.478,0.00185815
47.488,0.00185415
47.498,0.00185018
47.508,0.00184617
47.518,0.00184222
47.528,0.00183831
47.538,0.00183436
47.548,0.00183044
47.558,0.00182651
47.568,0.00182262
47.578,0.00181869
47.588,0.00181482
47.598,0.00181092
47.608,0.00180705
47.618,0.00180317
47.628,0.00179932
47.638,0.00179544
47.648,0.00179162
47.658,0.00178776
47.668,0.00178394
47.678,0.00178007
47.688,0.00177627
47.698,0.00177244
47.708,0.00176863
47.718,0.00176482
47.728,0.00176104
47.738,0.00175729
47.748,0.00175351
47.758,0.00174979
47.768,0.00174603
47.778,0.0017423
47.788,0.00173854
47.798,0.00173483
47.808,0.00173109
47.818,0.00172739
47.828,0.00172364
47.838,0.00171996
47.848,0.00171631
47.858,0.00171262
47.868,0.00170897
47.878,0.00170531
47.888,0.00170167
47.898,0.00169801
47.908,0.00169437
47.918,0.0016907
47.928,0.00168709
47.938,0.00168344
47.948,0.00167983
47.958,0.00167625
47.968,0.00167265
47.978,0.0016691
47.988,0.0016655
47.998,0.00166194
48.0079,0.00165834
48.0179,0.0016548
48.0279,0.00165129
48.0379,0.00164774
48.0479,0.00164423
48.0579,0.00164068
48.0679,0.00163716
48.0779,0.00163364
48.0879,0.00163015
48.0979,0.00162668
48.1079,0.00162319
48.1179,0.00161972
48.1279,0.00161625
48.1379,0.0016128
48.1479,0.00160932
48.1579,0.00160588
48.1679,0.00160246
48.1779,0.00159901
48.1879,0.00159559
48.1979,0.00159216
48.2079,0.00158876
48.2179,0.00158533
48.2279,0.00158193
48.2379,0.00157856
48.2479,0.00157515
48.2579,0.00157177
48.2679,0.00156839
48.2779,0.00156504
48.2879,0.00156172
48.2979,0.00155836
48.3079,0.00155503
48.3179,0.00155167
48.3279,0.00154834
48.3379,0.00154504
48.3479,0.00154173
48.3579,0.00153846
48.3679,0.00153515
48.3779,0.00153186
48.3879,0.00152861
48.3979,0.00152533
48.4079,0.00152207
48.4179,0.00151878
48.4279,0.00151552
48.4379,0.00151229
48.4479,0.00150905
48.4579,0.00150585
48.4679,0.0015026
48.4779,0.00149939
48.4879,0.00149621
48.4979,0.001493
48.5079,0.00148981
48.5179,0.00148659
48.5279,0.0014834
48.5379,0.00148024
48.5479,0.00147704
48.5579,0.00147388
48.5679,0.00147074
48.5779,0.0014676
48.5879,0.00146449
48.5979,0.00146134
48.6078,0.00145822
48.6178,0.00145514
48.6278,0.00145202
48.6378,0.00144893
48.6478,0.0014458
48.6578,0.0014427
48.6678,0.00143964
48.6778,0.00143653
48.6878,0.00143346
48.6978,0.00143042
48.7078,0.00142734
48.7178,0.0014243
48.7278,0.00142122
48.7378,0.00141816
48.7478,0.00141514
48.7578,0.00141208
48.7678,0.00140906
48.7778,0.00140606
48.7878,0.00140303
48.7978,0.00140003
48.8078,0.00139705
48.8178,0.00139405
48.8278,0.00139107
48.8378,0.00138806
48.8478,0.00138507
48.8578,0.00138212
48.8678,0.00137913
48.8778,0.00137618
48.8878,0.00137325
48.8978,0.00137029
48.9078,0.00136735
48.9178,0.00136445
48.9278,0.00136151
48.9378,0.0013586
48.9478,0.00135572
48.9578,0.00135281
48.9678,0.00134993
48.9778,0.00134707
48.9878,0.00134418
48.9978,0.00134133
49.0078,0.00133843
49.0178,0.00133557
49.0278,0.00133273
49.0378,0.00132986
49.0478,0.00132702
49.0578,0.00132421
49.0678,0.00132137
49.0778,0.00131855
49.0878,0.00131577
49.0978,0.00131295
49.1078,0.00131013
49.1178,0.00130734
49.1278,0.00130451
49.1378,0.00130172
49.1478,0.00129895
49.1578,0.00129615
49.1678,0.00129338
49.1778,0.00129064
49.1878,0.00128786
49.1978,0.00128511
49.2077,0.0012824
49.2177,0.00127964
49.2277,0.00127692
49.2377,0.00127423
49.2477,0.00127147
49.2577,0.00126875
49.2677,0.00126605
49.2777,0.00126332
49.2877,0.00126061
49.2977,0.00125794
49.3077,0.00125523
49.3177,0.00125255
49.3277,0.0012499
49.3377,0.00124722
49.3477,0.00124457
49.3577,0.00124191
49.3677,0.00123922
49.3777,0.00123656
49.3877,0.00123393
49.3977,0.00123133
49.4077,0.0012287
49.4177,0.00122609
49.4277,0.00122352
49.4377,0.00122088
49.4477,0.00121827
49.4577,0.00121569
49.4677,0.00121307
49.4777,0.00121049
49.4877,0.00120793
49.4977,0.00120534
49.5077,0.00120278
49.5177,0.00120022
49.5277,0.00119762
49.5377,0.00119505
49.5477,0.00119251
49.5577,0.00119001
49.5677,0.00118746
49.5777,0.00118495
49.5877,0.00118244
49.5977,0.00117989
49.6077,0.00117737
49.6177,0.00117488
49.6277,0.00117236
49.6377,0.00116986
49.6477,0.00116737
49.6577,0.00116484
49.6677,0.00116234
49.6777,0.00115987
49.6877,0.00115743
49.6977,0.00115495
49.7077,0.00115248
49.7177,0.00115003
49.7277,0.00114755
49.7377,0.0011451
49.7477,0.00114268
49.7577,0.00114022
49.7677,0.00113776
49.7777,0.00113534
49.7877,0.00113294
49.7976,0.00113051
49.8076,0.00112811
49.8176,0.0011257
49.8276,0.00112326
49.8376,0.00112086
49.8476,0.00111848
49.8576,0.00111613
49.8676,0.00111371
49.8776,0.00111133
49.8876,0.00110898
49.8976,0.00110659
49.9076,0.00110423
49.9176,0.00110187
49.9276,0.00109954
49.9376,0.00109717
49.9476,0.00109483
49.9576,0.00109253
49.9676,0.00109016
49.9776,0.00108781
49.9876,0.0010855
49.9976,0.00108322
