Concentration of v
0,1.146
0.01,1.22212
0.02,1.27428
0.03,1.31358
0.04,1.34464
0.05,1.36991
0.06,1.39085
0.07,1.40841
0.08,1.42325
0.09,1.43584
0.1,1.44655
0.11,1.45564
0.12,1.46333
0.13,1.46981
0.14,1.47521
0.15,1.47966
0.16,1.48325
0.17,1.48607
0.18,1.4882
0.19,1.4897
0.2,1.49063
0.21,1.49103
0.22,1.49095
0.23,1.49042
0.24,1.48948
0.25,1.48817
0.26,1.4865
0.27,1.48451
0.28,1.48221
0.29,1.47964
0.3,1.4768
0.31,1.47371
0.32,1.47039
0.33,1.46686
0.34,1.46313
0.35,1.45921
0.36,1.45512
0.37,1.45085
0.38,1.44644
0.39,1.44187
0.4,1.43717
0.41,1.43234
0.42,1.42739
0.43,1.42232
0.44,1.41715
0.45,1.41187
0.46,1.4065
0.47,1.40104
0.48,1.3955
0.49,1.38988
0.5,1.38419
0.51,1.37843
0.52,1.3726
0.53,1.36671
0.54,1.36077
0.55,1.35477
0.56,1.34872
0.57,1.34263
0.58,1.33649
0.59,1.33031
0.6,1.3241
0.61,1.31785
0.62,1.31157
0.63,1.30526
0.64,1.29892
0.65,1.29256
0.66,1.28618
0.67,1.27978
0.68,1.27335
0.69,1.26692
0.7,1.26046
0.71,1.254
0.72,1.24752
0.73,1.24104
0.74,1.23454
0.75,1.22804
0.76,1.22154
0.77,1.21503
0.78,1.20852
0.79,1.20201
0.8,1.19549
0.81,1.18898
0.82,1.18248
0.83,1.17597
0.839999,1.16947
0.849999,1.16298
0.859999,1.15649
0.869999,1.15001
0.879999,1.14354
0.889999,1.13708
0.899999,1.13063
0.909999,1.12419
0.919999,1.11776
0.929999,1.11134
0.939999,1.10494
0.949999,1.09855
0.959999,1.09217
0.969999,1.08581
0.979999,1.07946
0.989999,1.07313
0.999999,1.06682
1.01,1.06053
1.02,1.05425
1.03,1.04799
1.04,1.04175
1.05,1.03553
1.06,1.02933
1.07,1.02315
1.08,1.01699
1.09,1.01085
1.1,1.00474
1.11,0.99864
1.12,0.992566
1.13,0.986515
1.14,0.980487
1.15,0.974482
1.16,0.9685
1.17,0.962542
1.18,0.956607
1.19,0.950697
1.2,0.944812
1.21,0.938951
1.22,0.933116
1.23,0.927305
1.24,0.92152
1.25,0.91576
1.26,0.910026
1.27,0.904319
1.28,0.898637
1.29,0.892982
1.3,0.887353
1.31,0.881751
1.32,0.876175
1.33,0.870627
1.34,0.865105
1.35,0.859611
1.36,0.854144
1.37,0.848704
1.38,0.843292
1.39,0.837907
1.4,0.83255
1.41,0.827221
1.42,0.821919
1.43,0.816646
1.44,0.8114
1.45,0.806183
1.46,0.800993
1.47,0.795832
1.48,0.790698
1.49,0.785593
1.5,0.780516
1.51,0.775468
1.52,0.770447
1.53,0.765455
1.54,0.760491
1.55,0.755556
1.56,0.750649
1.57,0.74577
1.58,0.74092
1.59,0.736097
1.6,0.731303
1.61,0.726538
1.62,0.7218
1.63,0.717091
1.64,0.71241
1.65,0.707758
1.66,0.703133
1.67,0.698537
1.68,0.693968
1.69,0.689428
1.7,0.684916
1.71,0.680431
1.72,0.675975
1.73,0.671546
1.74,0.667145
1.75,0.662772
1.76,0.658427
1.77,0.654109
1.78,0.649819
1.79,0.645556
1.8,0.641321
1.81,0.637113
1.82,0.632933
1.83,0.628779
1.84,0.624653
1.85,0.620554
1.86,0.616481
1.87,0.612436
1.88,0.608417
1.89,0.604425
1.9,0.60046
1.91,0.596521
1.92,0.592609
1.93,0.588723
1.94,0.584863
1.95,0.58103
1.96,0.577222
1.97,0.573441
1.98,0.569685
1.99,0.565955
2,0.562251
2.01,0.558573
2.02,0.554919
2.03,0.551291
2.04,0.547689
2.05,0.544111
2.06,0.540559
2.07,0.537031
2.08,0.533529
2.09,0.530051
2.1,0.526597
2.11,0.523168
2.12,0.519764
2.13,0.516383
2.14,0.513027
2.15,0.509695
2.16,0.506387
2.17,0.503102
2.18,0.499841
2.19,0.496604
2.2,0.49339
2.21,0.490199
2.22,0.487032
2.23,0.483888
2.24,0.480766
2.25,0.477668
2.26,0.474592
2.27,0.471539
2.28,0.468508
2.29,0.4655
2.3,0.462514
2.31,0.459549
2.32,0.456607
2.33,0.453687
2.34,0.450789
2.35,0.447912
2.36,0.445056
2.37,0.442222
2.38,0.43941
2.39,0.436618
2.4,0.433848
2.41,0.431098
2.42,0.428369
2.43,0.42566
2.44,0.422973
2.45,0.420305
2.46,0.417658
2.47,0.415031
2.48,0.412424
2.49,0.409837
2.5,0.40727
2.51,0.404722
2.52,0.402194
2.53,0.399685
2.54,0.397196
2.55,0.394726
2.56,0.392274
2.57,0.389842
2.58,0.387429
2.59,0.385034
2.6,0.382658
2.61,0.3803
2.62,0.377961
2.63,0.375639
2.64,0.373336
2.65,0.371051
2.66,0.368784
2.67,0.366534
2.68,0.364302
2.69,0.362088
2.7,0.359891
2.71,0.357711
2.72,0.355549
2.73,0.353403
2.74,0.351275
2.75,0.349163
2.76,0.347068
2.77,0.344989
2.78,0.342927
2.79,0.340881
2.8,0.338852
2.81,0.336839
2.82,0.334841
2.83,0.33286
2.84,0.330894
2.85,0.328945
2.86,0.32701
2.87,0.325091
2.88,0.323188
2.89,0.3213
2.9,0.319427
2.91,0.317568
2.92,0.315725
2.93,0.313897
2.94,0.312083
2.95,0.310284
2.96,0.3085
2.97,0.30673
2.98,0.304974
2.99,0.303233
3,0.301505
3.01,0.299792
3.02,0.298092
3.03,0.296406
3.04,0.294734
3.05,0.293076
3.06,0.291431
3.07,0.289799
3.08,0.288181
3.09,0.286575
3.1,0.284983
3.11,0.283404
3.12,0.281838
3.13,0.280285
3.14,0.278744
3.15,0.277216
3.16,0.2757
3.17,0.274197
3.18,0.272706
3.19,0.271228
3.2,0.269762
3.21,0.268307
3.22,0.266865
3.23,0.265434
3.24,0.264016
3.25,0.262609
3.26,0.261213
3.27,0.259829
3.28,0.258457
3.29,0.257096
3.3,0.255746
3.31,0.254407
3.32,0.253079
3.33,0.251763
3.34,0.250457
3.35,0.249162
3.36,0.247878
3.37,0.246604
3.38,0.245342
3.39,0.244089
3.4,0.242847
3.41,0.241616
3.42,0.240394
3.43,0.239183
3.44,0.237982
3.45,0.236791
3.46,0.235609
3.47,0.234438
3.48,0.233277
3.49,0.232125
3.5,0.230983
3.51,0.22985
3.52,0.228727
3.53,0.227613
3.54,0.226509
3.55,0.225413
3.56,0.224328
3.57,0.223251
3.58,0.222183
3.59,0.221124
3.6,0.220074
3.61,0.219033
3.62,0.218
3.63,0.216977
3.64,0.215962
3.65,0.214955
3.66,0.213957
3.67,0.212967
3.68,0.211986
3.69,0.211013
3.7,0.210048
3.71,0.209091
3.72,0.208143
3.73,0.207202
3.74,0.20627
3.75,0.205345
3.76,0.204428
3.77,0.203519
3.78,0.202617
3.79,0.201723
3.8,0.200837
3.81,0.199958
3.82,0.199087
3.83,0.198223
3.84,0.197367
3.85,0.196517
3.86,0.195675
3.87,0.19484
3.88,0.194012
3.89,0.193192
3.9,0.192378
3.91,0.191571
3.92,0.190771
3.93,0.189977
3.94,0.189191
3.95,0.188411
3.96,0.187638
3.97,0.186871
3.98,0.186111
3.99,0.185358
4,0.184611
4.01,0.18387
4.02,0.183135
4.03,0.182407
4.04,0.181685
4.05,0.18097
4.06,0.18026
4.07,0.179556
4.08,0.178859
4.09,0.178167
4.1,0.177482
4.11,0.176802
4.12,0.176128
4.13,0.175459
4.14,0.174797
4.15,0.17414
4.16,0.173489
4.17,0.172843
4.18,0.172203
4.19,0.171569
4.2,0.17094
4.21,0.170316
4.22,0.169697
4.23,0.169084
4.24,0.168477
4.25,0.167874
4.26,0.167277
4.27,0.166684
4.28,0.166097
4.29,0.165515
4.3,0.164938
4.31,0.164366
4.32,0.163798
4.33,0.163236
4.34,0.162679
4.35,0.162126
4.36,0.161578
4.37001,0.161035
4.38001,0.160496
4.39001,0.159962
4.40001,0.159433
4.41001,0.158908
4.42001,0.158388
4.43001,0.157872
4.44001,0.157361
4.45001,0.156854
4.46001,0.156352
4.47001,0.155854
4.48001,0.15536
4.49001,0.15487
4.50001,0.154385
4.51001,0.153904
4.52001,0.153427
4.53001,0.152954
4.54001,0.152485
4.55001,0.15202
4.56001,0.15156
4.57001,0.151103
4.58001,0.15065
4.59001,0.150201
4.60001,0.149757
4.61001,0.149315
4.62001,0.148878
4.63001,0.148445
4.64001,0.148015
4.65001,0.147589
4.66001,0.147167
4.67001,0.146748
4.68001,0.146333
4.69001,0.145922
4.70001,0.145514
4.71001,0.14511
4.72001,0.144709
4.73001,0.144311
4.74001,0.143918
4.75001,0.143527
4.76001,0.14314
4.77001,0.142756
4.78001,0.142376
4.79001,0.141999
4.80001,0.141625
4.81002,0.141255
4.82002,0.140887
4.83002,0.140523
4.84002,0.140162
4.85002,0.139805
4.86002,0.13945
4.87002,0.139098
4.88002,0.13875
4.89002,0.138404
4.90002,0.138062
4.91002,0.137722
4.92002,0.137386
4.93002,0.137052
4.94002,0.136721
4.95002,0.136393
4.96002,0.136069
4.97002,0.135746
4.98002,0.135427
4.99002,0.13511
5.00002,0.134797
5.01002,0.134486
5.02002,0.134177
5.03002,0.133872
5.04002,0.133569
5.05002,0.133268
5.06002,0.132971
5.07002,0.132675
5.08002,0.132383
5.09002,0.132093
5.10002,0.131805
5.11002,0.13152
5.12002,0.131238
5.13002,0.130958
5.14002,0.13068
5.15002,0.130405
5.16002,0.130133
5.17002,0.129862
5.18002,0.129594
5.19002,0.129329
5.20002,0.129065
5.21002,0.128804
5.22002,0.128546
5.23002,0.128289
5.24003,0.128035
5.25003,0.127783
5.26003,0.127533
5.27003,0.127286
5.28003,0.12704
5.29003,0.126797
5.30003,0.126556
5.31003,0.126317
5.32003,0.12608
5.33003,0.125845
5.34003,0.125612
5.35003,0.125381
5.36003,0.125153
5.37003,0.124926
5.38003,0.124701
5.39003,0.124478
5.40003,0.124258
5.41003,0.124039
5.42003,0.123822
5.43003,0.123607
5.44003,0.123393
5.45003,0.123182
5.46003,0.122973
5.47003,0.122765
5.48003,0.122559
5.49003,0.122355
5.50003,0.122153
5.51003,0.121953
5.52003,0.121754
5.53003,0.121557
5.54003,0.121362
5.55003,0.121168
5.56003,0.120976
5.57003,0.120786
5.58003,0.120598
5.59003,0.120411
5.60003,0.120226
5.61003,0.120043
5.62003,0.119861
5.63003,0.11968
5.64003,0.119502
5.65003,0.119324
5.66003,0.119149
5.67003,0.118975
5.68004,0.118802
5.69004,0.118631
5.70004,0.118462
5.71004,0.118294
5.72004,0.118127
5.73004,0.117962
5.74004,0.117799
5.75004,0.117637
5.76004,0.117476
5.77004,0.117316
5.78004,0.117159
5.79004,0.117002
5.80004,0.116847
5.81004,0.116693
5.82004,0.116541
5.83004,0.11639
5.84004,0.11624
5.85004,0.116091
5.86004,0.115944
5.87004,0.115798
5.88004,0.115654
5.89004,0.115511
5.90004,0.115369
5.91004,0.115228
5.92004,0.115088
5.93004,0.11495
5.94004,0.114813
5.95004,0.114677
5.96004,0.114542
5.97004,0.114409
5.98004,0.114277
5.99004,0.114146
6.00004,0.114016
6.01004,0.113887
6.02004,0.113759
6.03004,0.113633
6.04004,0.113507
6.05004,0.113383
6.06004,0.113259
6.07004,0.113137
6.08004,0.113016
6.09004,0.112896
6.10004,0.112777
6.11004,0.112659
6.12005,0.112543
6.13005,0.112427
6.14005,0.112312
6.15005,0.112198
6.16005,0.112085
6.17005,0.111974
6.18005,0.111863
6.19005,0.111753
6.20005,0.111644
6.21005,0.111536
6.22005,0.111429
6.23005,0.111323
6.24005,0.111218
6.25005,0.111114
6.26005,0.111011
6.27005,0.110909
6.28005,0.110807
6.29005,0.110707
6.30005,0.110607
6.31005,0.110508
6.32005,0.110411
6.33005,0.110314
6.34005,0.110217
6.35005,0.110122
6.36005,0.110028
6.37005,0.109934
6.38005,0.109841
6.39005,0.109749
6.40005,0.109658
6.41005,0.109568
6.42005,0.109478
6.43005,0.10939
6.44005,0.109302
6.45005,0.109215
6.46005,0.109128
6.47005,0.109042
6.48005,0.108958
6.49005,0.108873
6.50005,0.10879
6.51005,0.108707
6.52005,0.108626
6.53005,0.108544
6.54005,0.108464
6.55006,0.108384
6.56006,0.108305
6.57006,0.108227
6.58006,0.108149
6.59006,0.108072
6.60006,0.107996
6.61006,0.10792
6.62006,0.107845
6.63006,0.107771
6.64006,0.107697
6.65006,0.107624
6.66006,0.107552
6.67006,0.10748
6.68006,0.107409
6.69006,0.107339
6.70006,0.107269
6.71006,0.1072
6.72006,0.107132
6.73006,0.107064
6.74006,0.106996
6.75006,0.10693
6.76006,0.106863
6.77006,0.106798
6.78006,0.106733
6.79006,0.106668
6.80006,0.106605
6.81006,0.106541
6.82006,0.106479
6.83006,0.106416
6.84006,0.106355
6.85006,0.106294
6.86006,0.106233
6.87006,0.106173
6.88006,0.106114
6.89006,0.106055
6.90006,0.105997
6.91006,0.105939
6.92006,0.105881
6.93006,0.105825
6.94006,0.105768
6.95006,0.105712
6.96006,0.105657
6.97006,0.105602
6.98006,0.105548
6.99007,0.105494
7.00007,0.105441
7.01007,0.105388
7.02007,0.105335
7.03007,0.105283
7.04007,0.105232
7.05007,0.105181
7.06007,0.10513
7.07007,0.10508
7.08007,0.10503
7.09007,0.104981
7.10007,0.104932
7.11007,0.104883
7.12007,0.104835
7.13007,0.104788
7.14007,0.104741
7.15007,0.104694
7.16007,0.104648
7.17007,0.104602
7.18007,0.104556
7.19007,0.104511
7.20007,0.104467
7.21007,0.104422
7.22007,0.104379
7.23007,0.104335
7.24007,0.104292
7.25007,0.104249
7.26007,0.104207
7.27007,0.104165
7.28007,0.104123
7.29007,0.104082
7.30007,0.104041
7.31007,0.104001
7.32007,0.103961
7.33007,0.103921
7.34007,0.103881
7.35007,0.103842
7.36007,0.103804
7.37007,0.103765
7.38007,0.103727
7.39007,0.10369
7.40007,0.103652
7.41007,0.103615
7.42007,0.103579
7.43008,0.103542
7.44008,0.103506
7.45008,0.10347
7.46008,0.103435
7.47008,0.1034
7.48008,0.103365
7.49008,0.103331
7.50008,0.103296
7.51008,0.103263
7.52008,0.103229
7.53008,0.103196
7.54008,0.103163
7.55008,0.10313
7.56008,0.103098
7.57008,0.103066
7.58008,0.103034
7.59008,0.103002
7.60008,0.102971
7.61008,0.10294
7.62008,0.10291
7.63008,0.102879
7.64008,0.102849
7.65008,0.102819
7.66008,0.10279
7.67008,0.10276
7.68008,0.102731
7.69008,0.102702
7.70008,0.102674
7.71008,0.102645
7.72008,0.102617
7.73008,0.10259
7.74008,0.102562
7.75008,0.102535
7.76008,0.102508
7.77008,0.102481
7.78008,0.102454
7.79008,0.102428
7.80008,0.102402
7.81008,0.102376
7.82008,0.10235
7.83008,0.102325
7.84008,0.1023
7.85008,0.102275
7.86009,0.10225
7.87009,0.102225
7.88009,0.102201
7.89009,0.102177
7.90009,0.102153
7.91009,0.102129
7.92009,0.102106
7.93009,0.102083
7.94009,0.10206
7.95009,0.102037
7.96009,0.102014
7.97009,0.101992
7.98009,0.10197
7.99009,0.101948
8.00009,0.101926
8.01009,0.101904
8.02009,0.101883
8.03009,0.101862
8.04009,0.10184
8.05009,0.10182
8.06009,0.101799
8.07009,0.101778
8.08009,0.101758
8.09009,0.101738
8.10009,0.101718
8.11009,0.101698
8.12009,0.101679
8.13009,0.101659
8.14009,0.10164
8.15009,0.101621
8.16009,0.101602
8.17009,0.101583
8.18009,0.101565
8.19009,0.101546
8.20009,0.101528
8.21009,0.10151
8.22009,0.101492
8.23009,0.101474
8.24009,0.101457
8.25009,0.101439
8.26009,0.101422
8.27009,0.101405
8.28009,0.101388
8.29009,0.101371
8.30009,0.101354
8.31009,0.101338
8.3201,0.101321
8.3301,0.101305
8.3401,0.101289
8.3501,0.101273
8.3601,0.101257
8.3701,0.101242
8.3801,0.101226
8.3901,0.101211
8.4001,0.101196
8.4101,0.101181
8.4201,0.101166
8.4301,0.101151
8.4401,0.101136
8.4501,0.101121
8.4601,0.101107
8.4701,0.101093
8.4801,0.101079
8.4901,0.101064
8.5001,0.101051
8.5101,0.101037
8.5201,0.101023
8.5301,0.101009
8.5401,0.100996
8.5501,0.100983
8.5601,0.10097
8.5701,0.100956
8.5801,0.100943
8.5901,0.100931
8.6001,0.100918
8.6101,0.100905
8.6201,0.100893
8.6301,0.10088
8.6401,0.100868
8.6501,0.100856
8.6601,0.100844
8.6701,0.100832
8.6801,0.10082
8.6901,0.100808
8.7001,0.100797
8.7101,0.100785
8.7201,0.100774
8.7301,0.100762
8.7401,0.100751
8.7501,0.10074
8.76011,0.100729
8.77011,0.100718
8.78011,0.100707
8.79011,0.100697
8.80011,0.100686
8.81011,0.100675
8.82011,0.100665
8.83011,0.100655
8.84011,0.100644
8.85011,0.100634
8.86011,0.100624
8.87011,0.100614
8.88011,0.100604
8.89011,0.100594
8.90011,0.100585
8.91011,0.100575
8.92011,0.100565
8.93011,0.100556
8.94011,0.100547
8.95011,0.100537
8.96011,0.100528
8.97011,0.100519
8.98011,0.10051
8.99011,0.100501
9.00011,0.100492
9.01011,0.100483
9.02011,0.100475
9.03011,0.100466
9.04011,0.100457
9.05011,0.100449
9.06011,0.10044
9.07011,0.100432
9.08011,0.100424
9.09011,0.100416
9.10011,0.100407
9.11011,0.100399
9.12011,0.100391
9.13011,0.100384
9.14011,0.100376
9.15011,0.100368
9.16011,0.10036
9.17011,0.100353
9.18011,0.100345
9.19011,0.100338
9.20012,0.10033
9.21012,0.100323
9.22012,0.100316
9.23012,0.100308
9.24012,0.100301
9.25012,0.100294
9.26012,0.100287
9.27012,0.10028
9.28012,0.100273
9.29012,0.100266
9.30012,0.10026
9.31012,0.100253
9.32012,0.100246
9.33012,0.10024
9.34012,0.100233
9.35012,0.100227
9.36012,0.10022
9.37012,0.100214
9.38012,0.100207
9.39012,0.100201
9.40012,0.100195
9.41012,0.100189
9.42012,0.100183
9.43012,0.100177
9.44012,0.100171
9.45012,0.100165
9.46012,0.100159
9.47012,0.100153
9.48012,0.100147
9.49012,0.100142
9.50012,0.100136
9.51012,0.10013
9.52012,0.100125
9.53012,0.100119
9.54012,0.100114
9.55012,0.100108
9.56012,0.100103
9.57012,0.100098
9.58012,0.100093
9.59012,0.100087
9.60012,0.100082
9.61012,0.100077
9.62012,0.100072
9.63013,0.100067
9.64013,0.100062
9.65013,0.100057
9.66013,0.100052
9.67013,0.100047
9.68013,0.100042
9.69013,0.100038
9.70013,0.100033
9.71013,0.100028
9.72013,0.100024
9.73013,0.100019
9.74013,0.100014
9.75013,0.10001
9.76013,0.100005
9.77013,0.100001
9.78013,0.0999966
9.79013,0.0999922
9.80013,0.0999879
9.81013,0.0999836
9.82013,0.0999794
9.83013,0.0999752
9.84013,0.099971
9.85013,0.0999669
9.86013,0.0999628
9.87013,0.0999588
9.88013,0.0999548
9.89013,0.0999508
9.90013,0.0999468
9.91013,0.0999429
9.92013,0.099939
9.93013,0.0999352
9.94013,0.0999314
9.95013,0.0999276
9.96013,0.0999239
9.97013,0.0999202
9.98013,0.0999165
9.99013,0.0999129
10.0001,0.0999093
10.0101,0.0999057
10.0201,0.0999022
10.0301,0.0998987
10.0401,0.0998952
10.0501,0.0998917
10.0601,0.0998883
10.0701,0.0998849
10.0801,0.0998816
10.0901,0.0998783
10.1001,0.099875
10.1101,0.0998717
10.1201,0.0998685
10.1301,0.0998653
10.1401,0.0998621
10.1501,0.0998589
10.1601,0.0998558
10.1701,0.0998527
10.1801,0.0998497
10.1901,0.0998466
10.2001,0.0998436
10.2101,0.0998406
10.2201,0.0998377
10.2301,0.0998348
10.2401,0.0998319
10.2501,0.099829
10.2601,0.0998261
10.2701,0.0998233
10.2801,0.0998205
10.2901,0.0998177
10.3001,0.099815
10.3101,0.0998123
10.3201,0.0998096
10.3301,0.0998069
10.3401,0.0998042
10.3501,0.0998016
10.3601,0.099799
10.3701,0.0997964
10.3801,0.0997939
10.3901,0.0997913
10.4001,0.0997888
10.4101,0.0997863
10.4201,0.0997839
10.4301,0.0997814
10.4401,0.099779
10.4501,0.0997766
10.4601,0.0997742
10.4701,0.0997719
10.4801,0.0997696
10.4901,0.0997672
10.5001,0.0997649
10.5101,0.0997627
10.5201,0.0997604
10.5301,0.0997582
10.5401,0.099756
10.5501,0.0997538
10.5601,0.0997516
10.5701,0.0997495
10.5801,0.0997473
10.5901,0.0997452
10.6001,0.0997431
10.6101,0.099741
10.6201,0.099739
10.6301,0.0997369
10.6401,0.0997349
10.6501,0.0997329
10.6601,0.0997309
10.6701,0.099729
10.6801,0.099727
10.6901,0.0997251
10.7001,0.0997232
10.7101,0.0997213
10.7201,0.0997194
10.7302,0.0997175
10.7402,0.0997157
10.7502,0.0997138
10.7602,0.099712
10.7702,0.0997102
10.7802,0.0997085
10.7902,0.0997067
10.8002,0.0997049
10.8102,0.0997032
10.8202,0.0997015
10.8302,0.0996998
10.8402,0.0996981
10.8502,0.0996964
10.8602,0.0996948
10.8702,0.0996931
10.8802,0.0996915
10.8902,0.0996899
10.9002,0.0996883
10.9102,0.0996867
10.9202,0.0996852
10.9302,0.0996836
10.9402,0.0996821
10.9502,0.0996805
10.9602,0.099679
10.9702,0.0996775
10.9802,0.0996761
10.9902,0.0996746
11.0002,0.0996731
11.0102,0.0996717
11.0202,0.0996702
11.0302,0.0996688
11.0402,0.0996674
11.0502,0.099666
11.0602,0.0996646
11.0702,0.0996633
11.0802,0.0996619
11.0902,0.0996606
11.1002,0.0996592
11.1102,0.0996579
11.1202,0.0996566
11.1302,0.0996553
11.1402,0.099654
11.1502,0.0996527
11.1602,0.0996515
11.1702,0.0996502
11.1802,0.099649
11.1902,0.0996478
11.2002,0.0996465
11.2102,0.0996453
11.2202,0.0996441
11.2302,0.099643
11.2402,0.0996418
11.2502,0.0996406
11.2602,0.0996395
11.2702,0.0996383
11.2802,0.0996372
11.2902,0.0996361
11.3002,0.099635
11.3102,0.0996339
11.3202,0.0996328
11.3302,0.0996317
11.3402,0.0996306
11.3502,0.0996295
11.3602,0.0996285
11.3702,0.0996275
11.3802,0.0996264
11.3902,0.0996254
11.4002,0.0996244
11.4102,0.0996234
11.4202,0.0996224
11.4302,0.0996214
11.4402,0.0996204
11.4502,0.0996194
11.4602,0.0996185
11.4702,0.0996175
11.4802,0.0996166
11.4902,0.0996156
11.5002,0.0996147
11.5102,0.0996138
11.5202,0.0996129
11.5302,0.099612
11.5402,0.0996111
11.5502,0.0996102
11.5602,0.0996093
11.5702,0.0996084
11.5802,0.0996076
11.5902,0.0996067
11.6002,0.0996059
11.6102,0.099605
11.6202,0.0996042
11.6302,0.0996034
11.6402,0.0996026
11.6502,0.0996017
11.6602,0.0996009
11.6702,0.0996001
11.6802,0.0995993
11.6902,0.0995986
11.7002,0.0995978
11.7102,0.099597
11.7202,0.0995963
11.7302,0.0995955
11.7402,0.0995948
11.7502,0.099594
11.7602,0.0995933
11.7702,0.0995926
11.7802,0.0995919
11.7902,0.0995911
11.8002,0.0995904
11.8102,0.0995897
11.8202,0.099589
11.8302,0.0995883
11.8402,0.0995877
11.8502,0.099587
11.8602,0.0995863
11.8702,0.0995857
11.8802,0.099585
11.8902,0.0995844
11.9002,0.0995837
11.9102,0.0995831
11.9202,0.0995824
11.9302,0.0995818
11.9402,0.0995812
11.9502,0.0995806
11.9602,0.09958
11.9702,0.0995793
11.9802,0.0995787
11.9902,0.0995781
12.0002,0.0995776
12.0102,0.099577
12.0202,0.0995764
12.0302,0.0995758
12.0402,0.0995753
12.0502,0.0995747
12.0602,0.0995741
12.0702,0.0995736
12.0802,0.099573
12.0902,0.0995725
12.1002,0.099572
12.1102,0.0995714
12.1202,0.0995709
12.1302,0.0995704
12.1402,0.0995698
12.1502,0.0995693
12.1602,0.0995688
12.1702,0.0995683
12.1802,0.0995678
12.1902,0.0995673
12.2002,0.0995668
12.2102,0.0995663
12.2202,0.0995659
12.2302,0.0995654
12.2402,0.0995649
12.2502,0.0995644
12.2602,0.099564
12.2702,0.0995635
12.2802,0.0995631
12.2902,0.0995626
12.3002,0.0995622
12.3102,0.0995617
12.3202,0.0995613
12.3302,0.0995608
12.3402,0.0995604
12.3502,0.09956
12.3602,0.0995595
12.3702,0.0995591
12.3802,0.0995587
12.3902,0.0995583
12.4002,0.0995579
12.4102,0.0995575
12.4202,0.0995571
12.4302,0.0995567
12.4402,0.0995563
12.4502,0.0995559
12.4602,0.0995555
12.4702,0.0995551
12.4802,0.0995547
12.4902,0.0995544
12.5002,0.099554
12.5102,0.0995536
12.5202,0.0995532
12.5302,0.0995529
12.5402,0.0995525
12.5502,0.0995522
12.5602,0.0995518
12.5702,0.0995515
12.5802,0.0995511
12.5902,0.0995508
12.6002,0.0995504
12.6102,0.0995501
12.6202,0.0995497
12.6302,0.0995494
12.6402,0.0995491
12.6502,0.0995488
12.6602,0.0995484
12.6702,0.0995481
12.6802,0.0995478
12.6902,0.0995475
12.7002,0.0995472
12.7102,0.0995469
12.7202,0.0995466
12.7302,0.0995463
12.7402,0.099546
12.7502,0.0995457
12.7602,0.0995454
12.7702,0.0995451
12.7802,0.0995448
12.7902,0.0995445
12.8002,0.0995442
12.8102,0.0995439
12.8202,0.0995436
12.8302,0.0995434
12.8402,0.0995431
12.8502,0.0995428
12.8602,0.0995425
12.8702,0.0995423
12.8802,0.099542
12.8902,0.0995417
12.9002,0.0995415
12.9102,0.0995412
12.9202,0.099541
12.9302,0.0995407
12.9402,0.0995405
12.9502,0.0995402
12.9602,0.09954
12.9702,0.0995397
12.9802,0.0995395
12.9902,0.0995393
13.0002,0.099539
13.0102,0.0995388
13.0202,0.0995385
13.0302,0.0995383
13.0402,0.0995381
13.0502,0.0995379
13.0602,0.0995376
13.0702,0.0995374
13.0802,0.0995372
13.0902,0.099537
13.1002,0.0995368
13.1102,0.0995365
13.1202,0.0995363
13.1302,0.0995361
13.1402,0.0995359
13.1502,0.0995357
13.1602,0.0995355
13.1702,0.0995353
13.1802,0.0995351
13.1902,0.0995349
13.2002,0.0995347
13.2102,0.0995345
13.2202,0.0995343
13.2302,0.0995341
13.2402,0.0995339
13.2502,0.0995337
13.2602,0.0995335
13.2702,0.0995333
13.2802,0.0995332
13.2902,0.099533
13.3002,0.0995328
13.3102,0.0995326
13.3202,0.0995324
13.3302,0.0995323
13.3402,0.0995321
13.3502,0.0995319
13.3602,0.0995318
13.3702,0.0995316
13.3802,0.0995314
13.3902,0.0995312
13.4002,0.0995311
13.4102,0.0995309
13.4202,0.0995308
13.4302,0.0995306
13.4402,0.0995304
13.4502,0.0995303
13.4602,0.0995301
13.4702,0.09953
13.4802,0.0995298
13.4902,0.0995297
13.5002,0.0995295
13.5102,0.0995294
13.5202,0.0995292
13.5302,0.0995291
13.5402,0.0995289
13.5502,0.0995288
13.5602,0.0995286
13.5702,0.0995285
13.5802,0.0995283
13.5902,0.0995282
13.6002,0.0995281
13.6102,0.0995279
13.6202,0.0995278
13.6302,0.0995277
13.6402,0.0995275
13.6502,0.0995274
13.6602,0.0995273
13.6702,0.0995272
13.6802,0.099527
13.6902,0.0995269
13.7002,0.0995268
13.7102,0.0995266
13.7202,0.0995265
13.7302,0.0995264
13.7402,0.0995263
13.7502,0.0995262
13.7602,0.099526
13.7702,0.0995259
13.7802,0.0995258
13.7902,0.0995257
13.8002,0.0995256
13.8102,0.0995255
13.8202,0.0995254
13.8302,0.0995253
13.8402,0.0995251
13.8502,0.099525
13.8602,0.0995249
13.8702,0.0995248
13.8802,0.0995247
13.8902,0.0995246
13.9002,0.0995245
13.9102,0.0995244
13.9202,0.0995243
13.9302,0.0995242
13.9402,0.0995241
13.9502,0.099524
13.9602,0.0995239
13.9702,0.0995238
13.9802,0.0995237
13.9902,0.0995236
14.0002,0.0995235
14.0102,0.0995234
14.0202,0.0995233
14.0302,0.0995232
14.0402,0.0995231
14.0502,0.099523
14.0602,0.099523
14.0702,0.0995229
14.0802,0.0995228
14.0902,0.0995227
14.1002,0.0995226
14.1102,0.0995225
14.1202,0.0995224
14.1302,0.0995223
14.1402,0.0995223
14.1502,0.0995222
14.1602,0.0995221
14.1702,0.099522
14.1802,0.0995219
14.1902,0.0995219
14.2002,0.0995218
14.2102,0.0995217
14.2202,0.0995216
14.2302,0.0995215
14.2402,0.0995215
14.2502,0.0995214
14.2602,0.0995213
14.2702,0.0995212
14.2802,0.0995212
14.2902,0.0995211
14.3002,0.099521
14.3102,0.0995209
14.3202,0.0995209
14.3302,0.0995208
14.3402,0.0995207
14.3502,0.0995207
14.3602,0.0995206
14.3702,0.0995205
14.3802,0.0995205
14.3902,0.0995204
14.4002,0.0995203
14.4102,0.0995203
14.4202,0.0995202
14.4302,0.0995201
14.4402,0.0995201
14.4502,0.09952
14.4602,0.0995199
14.4702,0.0995199
14.4802,0.0995198
14.4902,0.0995197
14.5002,0.0995197
14.5102,0.0995196
14.5202,0.0995196
14.5302,0.0995195
14.5402,0.0995194
14.5502,0.0995194
14.5602,0.0995193
14.5702,0.0995193
14.5802,0.0995192
14.5902,0.0995191
14.6002,0.0995191
14.6102,0.099519
14.6202,0.099519
14.6302,0.0995189
14.6402,0.0995189
14.6502,0.0995188
14.6602,0.0995188
14.6702,0.0995187
14.6802,0.0995187
14.6902,0.0995186
14.7002,0.0995186
14.7102,0.0995185
14.7202,0.0995185
14.7302,0.0995184
14.7402,0.0995184
14.7502,0.0995183
14.7602,0.0995183
14.7702,0.0995182
14.7802,0.0995182
14.7902,0.0995181
14.8002,0.0995181
14.8102,0.099518
14.8202,0.099518
14.8302,0.099518
14.8402,0.0995179
14.8502,0.0995179
14.8602,0.0995178
14.8702,0.0995178
14.8802,0.0995177
14.8902,0.0995177
14.9002,0.0995176
14.9102,0.0995176
14.9202,0.0995176
14.9302,0.0995175
14.9402,0.0995175
14.9502,0.0995174
14.9602,0.0995174
14.9702,0.0995174
14.9802,0.0995173
14.9902,0.0995173
15.0002,0.0995173
15.0102,0.0995172
15.0202,0.0995172
15.0302,0.0995172
15.0402,0.0995171
15.0502,0.0995171
15.0602,0.099517
15.0702,0.099517
15.0802,0.099517
15.0903,0.0995169
15.1003,0.0995169
15.1103,0.0995169
15.1203,0.0995168
15.1303,0.0995168
15.1403,0.0995168
15.1503,0.0995167
15.1603,0.0995167
15.1703,0.0995167
15.1803,0.0995166
15.1903,0.0995166
15.2003,0.0995166
15.2103,0.0995166
15.2203,0.0995165
15.2303,0.0995165
15.2403,0.0995165
15.2503,0.0995164
15.2603,0.0995164
15.2703,0.0995164
15.2803,0.0995163
15.2903,0.0995163
15.3003,0.0995163
15.3103,0.0995163
15.3203,0.0995162
15.3303,0.0995162
15.3403,0.0995162
15.3503,0.0995161
15.3603,0.0995161
15.3703,0.0995161
15.3803,0.0995161
15.3903,0.099516
15.4003,0.099516
15.4103,0.099516
15.4203,0.099516
15.4303,0.099516
15.4403,0.0995159
15.4503,0.0995159
15.4603,0.0995159
15.4703,0.0995159
15.4803,0.0995158
15.4903,0.0995158
15.5003,0.0995158
15.5103,0.0995158
15.5203,0.0995158
15.5303,0.0995157
15.5403,0.0995157
15.5503,0.0995157
15.5603,0.0995157
15.5703,0.0995156
15.5803,0.0995156
15.5903,0.0995156
15.6003,0.0995156
15.6103,0.0995155
15.6203,0.0995155
15.6303,0.0995155
15.6403,0.0995155
15.6503,0.0995155
15.6603,0.0995154
15.6703,0.0995154
15.6803,0.0995154
15.6903,0.0995154
15.7003,0.0995154
15.7103,0.0995153
15.7203,0.0995153
15.7303,0.0995153
15.7403,0.0995153
15.7503,0.0995153
15.7603,0.0995153
15.7703,0.0995153
15.7803,0.0995152
15.7903,0.0995152
15.8003,0.0995152
15.8103,0.0995152
15.8203,0.0995152
15.8303,0.0995152
15.8403,0.0995151
15.8503,0.0995151
15.8603,0.0995151
15.8703,0.0995151
15.8803,0.0995151
15.8903,0.0995151
15.9003,0.0995151
15.9103,0.099515
15.9203,0.099515
15.9303,0.099515
15.9403,0.099515
15.9503,0.099515
15.9603,0.099515
15.9703,0.099515
15.9803,0.0995149
15.9903,0.0995149
16.0003,0.0995149
16.0103,0.0995149
16.0203,0.0995149
16.0303,0.0995149
16.0403,0.0995148
16.0503,0.0995148
16.0603,0.0995148
16.0703,0.0995148
16.0803,0.0995148
16.0903,0.0995148
16.1003,0.0995148
16.1103,0.0995147
16.1203,0.0995147
16.1303,0.0995147
16.1403,0.0995147
16.1503,0.0995147
16.1603,0.0995147
16.1703,0.0995147
16.1803,0.0995146
16.1903,0.0995146
16.2003,0.0995146
16.2103,0.0995146
16.2203,0.0995146
16.2303,0.0995146
16.2403,0.0995146
16.2503,0.0995146
16.2603,0.0995146
16.2703,0.0995146
16.2803,0.0995146
16.2903,0.0995146
16.3003,0.0995145
16.3103,0.0995145
16.3203,0.0995145
16.3303,0.0995145
16.3403,0.0995145
16.3503,0.0995145
16.3603,0.0995145
16.3703,0.0995145
16.3803,0.0995145
16.3903,0.0995145
16.4003,0.0995145
16.4103,0.0995145
16.4203,0.0995145
16.4303,0.0995144
16.4403,0.0995144
16.4503,0.0995144
16.4603,0.0995144
16.4703,0.0995144
16.4803,0.0995144
16.4903,0.0995144
16.5003,0.0995144
16.5103,0.0995144
16.5203,0.0995144
16.5303,0.0995144
16.5403,0.0995144
16.5503,0.0995144
16.5603,0.0995144
16.5703,0.0995143
16.5803,0.0995143
16.5903,0.0995143
16.6003,0.0995143
16.6103,0.0995143
16.6203,0.0995143
16.6303,0.0995143
16.6403,0.0995143
16.6503,0.0995143
16.6603,0.0995143
16.6703,0.236792
16.6803,0.372696
16.6903,0.507246
16.7003,0.640461
16.7103,0.772368
16.7203,0.902994
16.7303,1.03237
16.7403,1.16051
16.7503,1.28746
16.7603,1.41322
16.7703,1.53783
16.7803,1.6613
16.7903,1.78365
16.8003,1.90488
16.8103,2.02503
16.8203,2.1441
16.8303,2.26211
16.8403,2.37906
16.8503,2.49497
16.8603,2.60985
16.8703,2.72371
16.8803,2.83657
16.8903,2.94842
16.9003,3.05929
16.9103,3.16918
16.9203,3.2781
16.9303,3.38607
16.9403,3.49308
16.9503,3.59915
16.9603,3.70429
16.9703,3.80851
16.9803,3.91182
16.9903,4.01421
17.0003,4.11571
17.0103,4.21632
17.0203,4.31605
17.0303,4.4149
17.0403,4.51289
17.0503,4.61003
17.0603,4.70631
17.0703,4.80175
17.0803,4.89636
17.0903,4.99013
17.1003,5.08309
17.1103,5.17524
17.1203,5.26658
17.1303,5.35713
17.1403,5.44688
17.1503,5.53586
17.1603,5.62405
17.1703,5.71147
17.1803,5.79814
17.1903,5.88404
17.2003,5.9692
17.2103,6.05361
17.2203,6.13729
17.2303,6.22024
17.2403,6.30246
17.2503,6.38397
17.2603,6.46477
17.2703,6.54486
17.2803,6.62426
17.2903,6.70296
17.3003,6.78098
17.3103,6.85832
17.3203,6.93498
17.3303,7.01098
17.3403,7.08631
17.3503,7.16099
17.3603,7.23502
17.3703,7.3084
17.3803,7.38115
17.3903,7.45326
17.4003,7.52474
17.4103,7.5956
17.4203,7.66584
17.4303,7.73547
17.4403,7.8045
17.4503,7.87292
17.4603,7.94075
17.4703,8.00799
17.4803,8.07464
17.4903,8.14071
17.5003,8.20621
17.5103,8.27114
17.5203,8.3355
17.5303,8.3993
17.5403,8.46255
17.5503,8.52524
17.5603,8.58739
17.5703,8.649
17.5803,8.71007
17.5903,8.77061
17.6003,8.83063
17.6103,8.89012
17.6203,8.94909
17.6303,9.00755
17.6403,9.0655
17.6503,9.12295
17.6603,9.17989
17.6703,9.23634
17.6803,9.2923
17.6903,9.34777
17.7003,9.40276
17.7103,9.45727
17.7203,9.5113
17.7303,9.56487
17.7403,9.61797
17.7503,9.6706
17.7603,9.72278
17.7703,9.7745
17.7803,9.82577
17.7903,9.8766
17.8003,9.92698
17.8103,9.97692
17.8203,10.0264
17.8303,10.0755
17.8403,10.1242
17.8503,10.1724
17.8603,10.2202
17.8703,10.2676
17.8803,10.3146
17.8903,10.3611
17.9003,10.4073
17.9103,10.453
17.9203,10.4984
17.9303,10.5434
17.9403,10.5879
17.9503,10.6321
17.9603,10.6759
17.9703,10.7193
17.9803,10.7624
17.9903,10.805
18.0003,10.8473
18.0103,10.8893
18.0203,10.9308
18.0303,10.972
18.0403,11.0128
18.0503,11.0533
18.0603,11.0934
18.0703,11.1332
18.0803,11.1726
18.0903,11.2117
18.1003,11.2505
18.1103,11.2889
18.1203,11.3269
18.1303,11.3647
18.1403,11.4021
18.1503,11.4392
18.1603,11.4759
18.1703,11.5124
18.1803,11.5485
18.1903,11.5843
18.2003,11.6198
18.2103,11.655
18.2203,11.6898
18.2303,11.7244
18.2403,11.7587
18.2503,11.7926
18.2603,11.8263
18.2703,11.8597
18.2803,11.8928
18.2903,11.9255
18.3003,11.9581
18.3103,11.9903
18.3203,12.0222
18.3303,12.0539
18.3403,12.0853
18.3503,12.1164
18.3603,12.1472
18.3703,12.1778
18.3803,12.2081
18.3903,12.2381
18.4003,12.2679
18.4103,12.2974
18.4203,12.3267
18.4303,12.3557
18.4403,12.3844
18.4503,12.4129
18.4603,12.4411
18.4703,12.4691
18.4803,12.4969
18.4903,12.5244
18.5003,12.5517
18.5103,12.5787
18.5203,12.6055
18.5303,12.632
18.5403,12.6584
18.5503,12.6845
18.5603,12.7103
18.5703,12.736
18.5803,12.7614
18.5903,12.7866
18.6003,12.8115
18.6103,12.8363
18.6203,12.8608
18.6303,12.8851
18.6403,12.9092
18.6503,12.9331
18.6603,12.9568
18.6703,12.9803
18.6803,13.0035
18.6903,13.0266
18.7003,13.0495
18.7103,13.0721
18.7203,13.0946
18.7303,13.1169
18.7403,13.1389
18.7503,13.1608
18.7603,13.1825
18.7703,13.204
18.7803,13.2253
18.7903,13.2464
18.8003,13.2673
18.8103,13.2881
18.8203,13.3087
18.8303,13.329
18.8403,13.3492
18.8503,13.3693
18.8603,13.3891
18.8703,13.4088
18.8803,13.4283
18.8903,13.4476
18.9003,13.4668
18.9103,13.4858
18.9203,13.5046
18.9303,13.5233
18.9403,13.5418
18.9503,13.5601
18.9603,13.5783
18.9703,13.5963
18.9803,13.6141
18.9903,13.6318
19.0003,13.6494
19.0103,13.6667
19.0203,13.684
19.0303,13.7011
19.0403,13.718
19.0503,13.7348
19.0603,13.7514
19.0703,13.7679
19.0803,13.7842
19.0903,13.8004
19.1003,13.8165
19.1103,13.8324
19.1203,13.8482
19.1303,13.8638
19.1403,13.8793
19.1503,13.8946
19.1603,13.9099
19.1703,13.925
19.1803,13.9399
19.1903,13.9547
19.2003,13.9694
19.2103,13.984
19.2203,13.9984
19.2303,14.0127
19.2403,14.0269
19.2503,14.041
19.2603,14.0549
19.2703,14.0687
19.2803,14.0824
19.2903,14.0959
19.3003,14.1094
19.3103,14.1227
19.3203,14.1359
19.3303,14.149
19.3403,14.162
19.3503,14.1748
19.3603,14.1876
19.3703,14.2002
19.3803,14.2127
19.3903,14.2251
19.4003,14.2374
19.4103,14.2496
19.4203,14.2617
19.4303,14.2737
19.4403,14.2856
19.4503,14.2973
19.4604,14.309
19.4704,14.3205
19.4804,14.332
19.4904,14.3434
19.5004,14.3546
19.5104,14.3658
19.5204,14.3768
19.5304,14.3878
19.5404,14.3986
19.5504,14.4094
19.5604,14.4201
19.5704,14.4306
19.5804,14.4411
19.5904,14.4515
19.6004,14.4618
19.6104,14.472
19.6204,14.4821
19.6304,14.4921
19.6404,14.5021
19.6504,14.5119
19.6604,14.5217
19.6704,14.5313
19.6804,14.5409
19.6904,14.5504
19.7004,14.5598
19.7104,14.5692
19.7204,14.5784
19.7304,14.5876
19.7404,14.5967
19.7504,14.6057
19.7604,14.6146
19.7704,14.6234
19.7804,14.6322
19.7904,14.6409
19.8004,14.6495
19.8104,14.658
19.8204,14.6665
19.8304,14.6749
19.8404,14.6832
19.8504,14.6914
19.8604,14.6996
19.8704,14.7077
19.8804,14.7157
19.8904,14.7236
19.9004,14.7315
19.9104,14.7393
19.9204,14.747
19.9304,14.7547
19.9404,14.7623
19.9504,14.7698
19.9604,14.7773
19.9704,14.7847
19.9804,14.792
19.9904,14.7993
20.0004,14.8065
20.0104,14.8136
20.0204,14.8207
20.0304,14.8277
20.0404,14.8347
20.0504,14.8415
20.0604,14.8484
20.0704,14.8551
20.0804,14.8618
20.0904,14.8685
20.1004,14.8751
20.1104,14.8816
20.1204,14.888
20.1304,14.8944
20.1404,14.9008
20.1504,14.9071
20.1604,14.9133
20.1704,14.9195
20.1804,14.9256
20.1904,14.9317
20.2004,14.9377
20.2104,14.9437
20.2204,14.9496
20.2304,14.9555
20.2404,14.9613
20.2504,14.967
20.2604,14.9727
20.2704,14.9784
20.2804,14.984
20.2904,14.9895
20.3004,14.995
20.3104,15.0005
20.3204,15.0059
20.3304,15.0112
20.3404,15.0165
20.3504,15.0218
20.3604,15.027
20.3704,15.0322
20.3804,15.0373
20.3904,15.0424
20.4004,15.0474
20.4104,15.0524
20.4204,15.0573
20.4304,15.0622
20.4404,15.0671
20.4504,15.0719
20.4604,15.0766
20.4704,15.0814
20.4804,15.086
20.4904,15.0907
20.5004,15.0953
20.5104,15.0998
20.5204,15.1043
20.5304,15.1088
20.5404,15.1132
20.5504,15.1176
20.5604,15.122
20.5704,15.1263
20.5804,15.1306
20.5904,15.1348
20.6004,15.139
20.6104,15.1432
20.6204,15.1473
20.6304,15.1514
20.6404,15.1554
20.6504,15.1594
20.6604,15.1634
20.6704,15.1674
20.6804,15.1713
20.6904,15.1751
20.7004,15.179
20.7104,15.1828
20.7204,15.1866
20.7304,15.1903
20.7404,15.194
20.7504,15.1977
20.7604,15.2013
20.7704,15.2049
20.7804,15.2085
20.7904,15.212
20.8004,15.2155
20.8104,15.219
20.8204,15.2224
20.8304,15.2258
20.8404,15.2292
20.8504,15.2326
20.8604,15.2359
20.8704,15.2392
20.8804,15.2424
20.8904,15.2457
20.9004,15.2489
20.9104,15.252
20.9204,15.2552
20.9304,15.2583
20.9404,15.2614
20.9504,15.2645
20.9604,15.2675
20.9704,15.2705
20.9804,15.2735
20.9904,15.2764
21.0004,15.2793
21.0104,15.2822
21.0204,15.2851
21.0304,15.288
21.0404,15.2908
21.0504,15.2936
21.0604,15.2963
21.0704,15.2991
21.0804,15.3018
21.0904,15.3045
21.1004,15.3072
21.1104,15.3098
21.1204,15.3125
21.1304,15.3151
21.1404,15.3176
21.1504,15.3202
21.1604,15.3227
21.1704,15.3252
21.1804,15.3277
21.1904,15.3302
21.2004,15.3326
21.2104,15.335
21.2204,15.3374
21.2304,15.3398
21.2404,15.3422
21.2504,15.3445
21.2604,15.3468
21.2704,15.3491
21.2804,15.3514
21.2904,15.3536
21.3004,15.3558
21.3104,15.358
21.3204,15.3602
21.3304,15.3624
21.3404,15.3645
21.3504,15.3667
21.3604,15.3688
21.3704,15.3709
21.3804,15.3729
21.3904,15.375
21.4004,15.377
21.4104,15.3791
21.4204,15.3811
21.4304,15.383
21.4404,15.385
21.4504,15.3869
21.4604,15.3889
21.4704,15.3908
21.4804,15.3927
21.4904,15.3945
21.5004,15.3964
21.5104,15.3982
21.5204,15.4001
21.5304,15.4019
21.5404,15.4037
21.5504,15.4054
21.5604,15.4072
21.5704,15.4089
21.5804,15.4107
21.5904,15.4124
21.6004,15.4141
21.6104,15.4158
21.6204,15.4174
21.6304,15.4191
21.6404,15.4207
21.6504,15.4223
21.6604,15.4239
21.6704,15.4255
21.6804,15.4271
21.6904,15.4287
21.7004,15.4302
21.7104,15.4318
21.7204,15.4333
21.7304,15.4348
21.7404,15.4363
21.7504,15.4378
21.7604,15.4392
21.7704,15.4407
21.7804,15.4421
21.7904,15.4435
21.8004,15.445
21.8104,15.4464
21.8204,15.4477
21.8304,15.4491
21.8404,15.4505
21.8504,15.4518
21.8604,15.4532
21.8704,15.4545
21.8804,15.4558
21.8904,15.4571
21.9004,15.4584
21.9104,15.4597
21.9204,15.4609
21.9304,15.4622
21.9404,15.4634
21.9504,15.4647
21.9604,15.4659
21.9704,15.4671
21.9804,15.4683
21.9904,15.4695
22.0004,15.4707
22.0104,15.4718
22.0204,15.473
22.0304,15.4741
22.0404,15.4753
22.0504,15.4764
22.0604,15.4775
22.0704,15.4786
22.0804,15.4797
22.0904,15.4808
22.1004,15.4819
22.1104,15.4829
22.1204,15.484
22.1304,15.485
22.1404,15.4861
22.1504,15.4871
22.1604,15.4881
22.1704,15.4891
22.1804,15.4901
22.1904,15.4911
22.2004,15.4921
22.2104,15.4931
22.2204,15.494
22.2304,15.495
22.2404,15.4959
22.2504,15.4969
22.2604,15.4978
22.2704,15.4987
22.2804,15.4996
22.2904,15.5005
22.3004,15.5014
22.3104,15.5023
22.3204,15.5032
22.3304,15.5041
22.3404,15.5049
22.3504,15.5058
22.3604,15.5066
22.3704,15.5075
22.3804,15.5083
22.3904,15.5091
22.4004,15.5099
22.4104,15.5107
22.4204,15.5115
22.4304,15.5123
22.4404,15.5131
22.4504,15.5139
22.4604,15.5147
22.4704,15.5154
22.4804,15.5162
22.4904,15.517
22.5004,15.5177
22.5104,15.5184
22.5204,15.5192
22.5304,15.5199
22.5404,15.5206
22.5504,15.5213
22.5604,15.522
22.5704,15.5227
22.5804,15.5234
22.5904,15.5241
22.6004,15.5248
22.6104,15.5255
22.6204,15.5261
22.6304,15.5268
22.6404,15.5274
22.6504,15.5281
22.6604,15.5287
22.6704,15.5294
22.6804,15.53
22.6904,15.5306
22.7004,15.5312
22.7104,15.5319
22.7204,15.5325
22.7304,15.5331
22.7404,15.5337
22.7504,15.5343
22.7604,15.5349
22.7704,15.5354
22.7804,15.536
22.7904,15.5366
22.8004,15.5371
22.8104,15.5377
22.8204,15.5383
22.8304,15.5388
22.8404,15.5394
22.8504,15.5399
22.8604,15.5404
22.8704,15.541
22.8804,15.5415
22.8904,15.542
22.9004,15.5425
22.9104,15.543
22.9204,15.5435
22.9304,15.544
22.9404,15.5445
22.9504,15.545
22.9604,15.5455
22.9704,15.546
22.9804,15.5465
22.9904,15.547
23.0004,15.5474
23.0104,15.5479
23.0204,15.5484
23.0304,15.5488
23.0404,15.5493
23.0504,15.5497
23.0604,15.5502
23.0704,15.5506
23.0804,15.551
23.0904,15.5515
23.1004,15.5519
23.1104,15.5523
23.1204,15.5527
23.1304,15.5532
23.1404,15.5536
23.1504,15.554
23.1604,15.5544
23.1704,15.5548
23.1804,15.5552
23.1904,15.5556
23.2004,15.556
23.2104,15.5564
23.2204,15.5568
23.2304,15.5571
23.2404,15.5575
23.2504,15.5579
23.2604,15.5583
23.2704,15.5586
23.2804,15.559
23.2904,15.5593
23.3004,15.5597
23.3104,15.5601
23.3204,15.5604
23.3304,15.5608
23.3404,15.5611
23.3504,15.5614
23.3604,15.5618
23.3704,15.5621
23.3804,15.5624
23.3904,15.5628
23.4004,15.5631
23.4104,15.5634
23.4204,15.5637
23.4304,15.564
23.4404,15.5644
23.4504,15.5647
23.4604,15.565
23.4704,15.5653
23.4804,15.5656
23.4904,15.5659
23.5004,15.5662
23.5104,15.5665
23.5204,15.5668
23.5304,15.5671
23.5404,15.5673
23.5504,15.5676
23.5604,15.5679
23.5704,15.5682
23.5804,15.5685
23.5904,15.5687
23.6004,15.569
23.6104,15.5693
23.6204,15.5695
23.6304,15.5698
23.6404,15.5701
23.6504,15.5703
23.6604,15.5706
23.6704,15.5708
23.6804,15.5711
23.6904,15.5713
23.7004,15.5716
23.7104,15.5718
23.7204,15.5721
23.7304,15.5723
23.7404,15.5725
23.7504,15.5728
23.7604,15.573
23.7704,15.5732
23.7804,15.5735
23.7904,15.5737
23.8004,15.5739
23.8104,15.5741
23.8204,15.5744
23.8305,15.5746
23.8405,15.5748
23.8505,15.575
23.8605,15.5752
23.8705,15.5754
23.8805,15.5756
23.8905,15.5758
23.9005,15.5761
23.9105,15.5763
23.9205,15.5765
23.9305,15.5767
23.9405,15.5769
23.9505,15.577
23.9605,15.5772
23.9705,15.5774
23.9805,15.5776
23.9905,15.5778
24.0005,15.578
24.0105,15.5782
24.0205,15.5784
24.0305,15.5785
24.0405,15.5787
24.0505,15.5789
24.0605,15.5791
24.0705,15.5793
24.0805,15.5794
24.0905,15.5796
24.1005,15.5798
24.1105,15.5799
24.1205,15.5801
24.1305,15.5803
24.1405,15.5804
24.1505,15.5806
24.1605,15.5808
24.1705,15.5809
24.1805,15.5811
24.1905,15.5812
24.2005,15.5814
24.2105,15.5815
24.2205,15.5817
24.2305,15.5818
24.2405,15.582
24.2505,15.5821
24.2605,15.5823
24.2705,15.5824
24.2805,15.5826
24.2905,15.5827
24.3005,15.5829
24.3105,15.583
24.3205,15.5831
24.3305,15.5833
24.3405,15.5834
24.3505,15.5836
24.3605,15.5837
24.3705,15.5838
24.3805,15.5839
24.3905,15.5841
24.4005,15.5842
24.4105,15.5843
24.4205,15.5845
24.4305,15.5846
24.4405,15.5847
24.4505,15.5848
24.4605,15.585
24.4705,15.5851
24.4805,15.5852
24.4905,15.5853
24.5005,15.5854
24.5105,15.5855
24.5205,15.5857
24.5305,15.5858
24.5405,15.5859
24.5505,15.586
24.5605,15.5861
24.5705,15.5862
24.5805,15.5863
24.5905,15.5864
24.6005,15.5865
24.6105,15.5866
24.6205,15.5868
24.6305,15.5869
24.6405,15.587
24.6505,15.5871
24.6605,15.5872
24.6705,15.5873
24.6805,15.5874
24.6905,15.5875
24.7005,15.5876
24.7105,15.5877
24.7205,15.5877
24.7305,15.5878
24.7405,15.5879
24.7505,15.588
24.7605,15.5881
24.7705,15.5882
24.7805,15.5883
24.7905,15.5884
24.8005,15.5885
24.8105,15.5886
24.8205,15.5887
24.8305,15.5887
24.8405,15.5888
24.8505,15.5889
24.8605,15.589
24.8705,15.5891
24.8805,15.5892
24.8905,15.5892
24.9005,15.5893
24.9105,15.5894
24.9205,15.5895
24.9305,15.5896
24.9405,15.5896
24.9505,15.5897
24.9605,15.5898
24.9705,15.5899
24.9805,15.5899
24.9905,15.59
25.0005,15.5901
25.0105,15.5902
25.0205,15.5902
25.0305,15.5903
25.0405,15.5904
25.0505,15.5905
25.0605,15.5905
25.0705,15.5906
25.0805,15.5907
25.0905,15.5907
25.1005,15.5908
25.1105,15.5909
25.1205,15.5909
25.1305,15.591
25.1405,15.5911
25.1505,15.5911
25.1605,15.5912
25.1705,15.5912
25.1805,15.5913
25.1905,15.5914
25.2005,15.5914
25.2105,15.5915
25.2205,15.5916
25.2305,15.5916
25.2405,15.5917
25.2505,15.5917
25.2605,15.5918
25.2705,15.5918
25.2805,15.5919
25.2905,15.592
25.3005,15.592
25.3105,15.5921
25.3205,15.5921
25.3305,15.5922
25.3405,15.5922
25.3505,15.5923
25.3605,15.5923
25.3705,15.5924
25.3805,15.5924
25.3905,15.5925
25.4005,15.5925
25.4105,15.5926
25.4205,15.5926
25.4305,15.5927
25.4405,15.5927
25.4505,15.5928
25.4605,15.5928
25.4705,15.5929
25.4805,15.5929
25.4905,15.593
25.5005,15.593
25.5105,15.5931
25.5205,15.5931
25.5305,15.5932
25.5405,15.5932
25.5505,15.5932
25.5605,15.5933
25.5705,15.5933
25.5805,15.5934
25.5905,15.5934
25.6005,15.5935
25.6105,15.5935
25.6205,15.5935
25.6305,15.5936
25.6405,15.5936
25.6505,15.5937
25.6605,15.5937
25.6705,15.5937
25.6805,15.5938
25.6905,15.5938
25.7005,15.5939
25.7105,15.5939
25.7205,15.5939
25.7305,15.594
25.7405,15.594
25.7505,15.594
25.7605,15.5941
25.7705,15.5941
25.7805,15.5942
25.7905,15.5942
25.8005,15.5942
25.8105,15.5943
25.8205,15.5943
25.8305,15.5943
25.8405,15.5944
25.8505,15.5944
25.8605,15.5944
25.8705,15.5945
25.8805,15.5945
25.8905,15.5945
25.9005,15.5946
25.9105,15.5946
25.9205,15.5946
25.9305,15.5947
25.9405,15.5947
25.9505,15.5947
25.9605,15.5947
25.9705,15.5948
25.9805,15.5948
25.9905,15.5948
26.0005,15.5949
26.0105,15.5949
26.0205,15.5949
26.0305,15.5949
26.0405,15.595
26.0505,15.595
26.0605,15.595
26.0705,15.5951
26.0805,15.5951
26.0905,15.5951
26.1005,15.5951
26.1105,15.5952
26.1205,15.5952
26.1305,15.5952
26.1405,15.5952
26.1505,15.5953
26.1605,15.5953
26.1705,15.5953
26.1805,15.5953
26.1905,15.5954
26.2005,15.5954
26.2105,15.5954
26.2205,15.5954
26.2305,15.5955
26.2405,15.5955
26.2505,15.5955
26.2605,15.5955
26.2705,15.5955
26.2805,15.5956
26.2905,15.5956
26.3005,15.5956
26.3105,15.5956
26.3205,15.5957
26.3305,15.5957
26.3405,15.5957
26.3505,15.5957
26.3605,15.5957
26.3705,15.5958
26.3805,15.5958
26.3905,15.5958
26.4005,15.5958
26.4105,15.5958
26.4205,15.5959
26.4305,15.5959
26.4405,15.5959
26.4505,15.5959
26.4605,15.5959
26.4705,15.596
26.4805,15.596
26.4905,15.596
26.5005,15.596
26.5105,15.596
26.5205,15.596
26.5305,15.5961
26.5405,15.5961
26.5505,15.5961
26.5605,15.5961
26.5705,15.5961
26.5805,15.5961
26.5905,15.5962
26.6005,15.5962
26.6105,15.5962
26.6205,15.5962
26.6305,15.5962
26.6405,15.5962
26.6505,15.5963
26.6605,15.5963
26.6705,15.5963
26.6805,15.5963
26.6905,15.5963
26.7005,15.5963
26.7105,15.5963
26.7205,15.5964
26.7305,15.5964
26.7405,15.5964
26.7505,15.5964
26.7605,15.5964
26.7705,15.5964
26.7805,15.5964
26.7905,15.5965
26.8005,15.5965
26.8105,15.5965
26.8205,15.5965
26.8305,15.5965
26.8405,15.5965
26.8505,15.5965
26.8605,15.5966
26.8705,15.5966
26.8805,15.5966
26.8905,15.5966
26.9005,15.5966
26.9105,15.5966
26.9205,15.5966
26.9305,15.5966
26.9405,15.5967
26.9505,15.5967
26.9605,15.5967
26.9705,15.5967
26.9805,15.5967
26.9905,15.5967
27.0005,15.5967
27.0105,15.5967
27.0205,15.5967
27.0305,15.5968
27.0405,15.5968
27.0505,15.5968
27.0605,15.5968
27.0705,15.5968
27.0805,15.5968
27.0905,15.5968
27.1005,15.5968
27.1105,15.5968
27.1205,15.5969
27.1305,15.5969
27.1405,15.5969
27.1505,15.5969
27.1605,15.5969
27.1705,15.5969
27.1805,15.5969
27.1905,15.5969
27.2005,15.5969
27.2105,15.5969
27.2205,15.5969
27.2305,15.597
27.2405,15.597
27.2505,15.597
27.2605,15.597
27.2705,15.597
27.2805,15.597
27.2905,15.597
27.3005,15.597
27.3105,15.597
27.3205,15.597
27.3305,15.597
27.3405,15.5971
27.3505,15.5971
27.3605,15.5971
27.3705,15.5971
27.3805,15.5971
27.3905,15.5971
27.4005,15.5971
27.4105,15.5971
27.4205,15.5971
27.4305,15.5971
27.4405,15.5971
27.4505,15.5971
27.4605,15.5971
27.4705,15.5972
27.4805,15.5972
27.4905,15.5972
27.5005,15.5972
27.5105,15.5972
27.5205,15.5972
27.5305,15.5972
27.5405,15.5972
27.5505,15.5972
27.5605,15.5972
27.5705,15.5972
27.5805,15.5972
27.5905,15.5972
27.6005,15.5972
27.6105,15.5972
27.6205,15.5973
27.6305,15.5973
27.6405,15.5973
27.6505,15.5973
27.6605,15.5973
27.6705,15.5973
27.6805,15.5973
27.6905,15.5973
27.7005,15.5973
27.7105,15.5973
27.7205,15.5973
27.7305,15.5973
27.7405,15.5973
27.7505,15.5973
27.7605,15.5973
27.7705,15.5973
27.7805,15.5973
27.7905,15.5974
27.8005,15.5974
27.8105,15.5974
27.8205,15.5974
27.8305,15.5974
27.8405,15.5974
27.8505,15.5974
27.8605,15.5974
27.8705,15.5974
27.8805,15.5974
27.8905,15.5974
27.9005,15.5974
27.9105,15.5974
27.9205,15.5974
27.9305,15.5974
27.9405,15.5974
27.9505,15.5974
27.9605,15.5974
27.9705,15.5974
27.9805,15.5974
27.9905,15.5974
28.0005,15.5975
28.0105,15.5975
28.0205,15.5975
28.0305,15.5975
28.0405,15.5975
28.0505,15.5975
28.0605,15.5975
28.0705,15.5975
28.0805,15.5975
28.0905,15.5975
28.1005,15.5975
28.1105,15.5975
28.1205,15.5975
28.1305,15.5975
28.1405,15.5975
28.1505,15.5975
28.1605,15.5975
28.1705,15.5975
28.1805,15.5975
28.1905,15.5975
28.2006,15.5975
28.2106,15.5975
28.2206,15.5975
28.2306,15.5975
28.2406,15.5975
28.2506,15.5976
28.2606,15.5976
28.2706,15.5976
28.2806,15.5976
28.2906,15.5976
28.3006,15.5976
28.3106,15.5976
28.3206,15.5976
28.3306,15.5976
28.3406,15.5976
28.3506,15.5976
28.3606,15.5976
28.3706,15.5976
28.3806,15.5976
28.3906,15.5976
28.4006,15.5976
28.4106,15.5976
28.4206,15.5976
28.4306,15.5976
28.4406,15.5976
28.4506,15.5976
28.4606,15.5976
28.4706,15.5976
28.4806,15.5976
28.4906,15.5976
28.5006,15.5976
28.5106,15.5976
28.5206,15.5976
28.5306,15.5976
28.5406,15.5976
28.5506,15.5976
28.5606,15.5976
28.5706,15.5976
28.5806,15.5976
28.5906,15.5977
28.6006,15.5977
28.6106,15.5977
28.6206,15.5977
28.6306,15.5977
28.6406,15.5977
28.6506,15.5977
28.6606,15.5977
28.6706,15.5977
28.6806,15.5977
28.6906,15.5977
28.7006,15.5977
28.7106,15.5977
28.7206,15.5977
28.7306,15.5977
28.7406,15.5977
28.7506,15.5977
28.7606,15.5977
28.7706,15.5977
28.7806,15.5977
28.7906,15.5977
28.8006,15.5977
28.8106,15.5977
28.8206,15.5977
28.8306,15.5977
28.8406,15.5977
28.8506,15.5977
28.8606,15.5977
28.8706,15.5977
28.8806,15.5977
28.8906,15.5977
28.9006,15.5977
28.9106,15.5977
28.9206,15.5977
28.9306,15.5977
28.9406,15.5977
28.9506,15.5977
28.9606,15.5977
28.9706,15.5977
28.9806,15.5977
28.9906,15.5977
29.0006,15.5977
29.0106,15.5977
29.0206,15.5977
29.0306,15.5977
29.0406,15.5977
29.0506,15.5977
29.0606,15.5977
29.0706,15.5977
29.0806,15.5977
29.0906,15.5978
29.1006,15.5978
29.1106,15.5978
29.1206,15.5978
29.1306,15.5978
29.1406,15.5978
29.1506,15.5978
29.1606,15.5978
29.1706,15.5978
29.1806,15.5978
29.1906,15.5978
29.2006,15.5978
29.2106,15.5978
29.2206,15.5978
29.2306,15.5978
29.2406,15.5978
29.2506,15.5978
29.2606,15.5978
29.2706,15.5978
29.2806,15.5978
29.2906,15.5978
29.3006,15.5978
29.3106,15.5978
29.3206,15.5978
29.3306,15.5978
29.3406,15.5978
29.3506,15.5978
29.3606,15.5978
29.3706,15.5978
29.3806,15.5978
29.3906,15.5978
29.4006,15.5978
29.4106,15.5978
29.4206,15.5978
29.4306,15.5978
29.4406,15.5978
29.4506,15.5978
29.4606,15.5978
29.4706,15.5978
29.4806,15.5978
29.4906,15.5978
29.5006,15.5978
29.5106,15.5978
29.5206,15.5978
29.5306,15.5978
29.5406,15.5978
29.5506,15.5978
29.5606,15.5978
29.5706,15.5978
29.5806,15.5978
29.5906,15.5978
29.6006,15.5978
29.6106,15.5978
29.6206,15.5978
29.6306,15.5978
29.6406,15.5978
29.6506,15.5978
29.6606,15.5978
29.6706,15.5978
29.6806,15.5978
29.6906,15.5978
29.7006,15.5978
29.7106,15.5978
29.7206,15.5978
29.7306,15.5978
29.7406,15.5978
29.7506,15.5978
29.7606,15.5978
29.7706,15.5978
29.7806,15.5978
29.7906,15.5978
29.8006,15.5978
29.8106,15.5978
29.8206,15.5978
29.8306,15.5978
29.8406,15.5978
29.8506,15.5978
29.8606,15.5978
29.8706,15.5978
29.8806,15.5978
29.8906,15.5978
29.9006,15.5978
29.9106,15.5978
29.9206,15.5978
29.9306,15.5978
29.9406,15.5978
29.9506,15.5978
29.9606,15.5978
29.9706,15.5978
29.9806,15.5978
29.9906,15.5978
30.0006,15.5978
30.0106,15.5978
30.0206,15.5978
30.0306,15.5978
30.0406,15.5978
30.0506,15.5978
30.0606,15.5978
30.0706,15.5979
30.0806,15.5979
30.0906,15.5979
30.1006,15.5979
30.1106,15.5979
30.1206,15.5979
30.1306,15.5979
30.1406,15.5979
30.1506,15.5979
30.1606,15.5979
30.1706,15.5979
30.1806,15.5979
30.1906,15.5979
30.2006,15.5979
30.2106,15.5979
30.2206,15.5979
30.2306,15.5979
30.2406,15.5979
30.2506,15.5979
30.2606,15.5979
30.2706,15.5979
30.2806,15.5979
30.2906,15.5979
30.3006,15.5979
30.3106,15.5979
30.3206,15.5979
30.3306,15.5979
30.3406,15.5979
30.3506,15.5979
30.3606,15.5979
30.3706,15.5979
30.3806,15.5979
30.3906,15.5979
30.4006,15.5979
30.4106,15.5979
30.4206,15.5979
30.4306,15.5979
30.4406,15.5979
30.4506,15.5979
30.4606,15.5979
30.4706,15.5979
30.4806,15.5979
30.4906,15.5979
30.5006,15.5979
30.5106,15.5979
30.5206,15.5979
30.5306,15.5979
30.5406,15.5979
30.5506,15.5979
30.5606,15.5979
30.5706,15.5979
30.5806,15.5979
30.5906,15.5979
30.6006,15.5979
30.6106,15.5979
30.6206,15.5979
30.6306,15.5979
30.6406,15.5979
30.6506,15.5979
30.6606,15.5979
30.6706,15.5979
30.6806,15.5979
30.6906,15.5979
30.7006,15.5979
30.7106,15.5979
30.7206,15.5979
30.7306,15.5979
30.7406,15.5979
30.7506,15.5979
30.7606,15.5979
30.7706,15.5979
30.7806,15.5979
30.7906,15.5979
30.8006,15.5979
30.8106,15.5979
30.8206,15.5979
30.8306,15.5979
30.8406,15.5979
30.8506,15.5979
30.8606,15.5979
30.8706,15.5979
30.8806,15.5979
30.8906,15.5979
30.9006,15.5979
30.9106,15.5979
30.9206,15.5979
30.9306,15.5979
30.9406,15.5979
30.9506,15.5979
30.9606,15.5979
30.9706,15.5979
30.9806,15.5979
30.9906,15.5979
31.0006,15.5979
31.0106,15.5979
31.0206,15.5979
31.0306,15.5979
31.0406,15.5979
31.0506,15.5979
31.0606,15.5979
31.0706,15.5979
31.0806,15.5979
31.0906,15.5979
31.1006,15.5979
31.1106,15.5979
31.1206,15.5979
31.1306,15.5979
31.1406,15.5979
31.1506,15.5979
31.1606,15.5979
31.1706,15.5979
31.1806,15.5979
31.1906,15.5979
31.2006,15.5979
31.2106,15.5979
31.2206,15.5979
31.2306,15.5979
31.2406,15.5979
31.2506,15.5979
31.2606,15.5979
31.2706,15.5979
31.2806,15.5979
31.2906,15.5979
31.3006,15.5979
31.3106,15.5979
31.3206,15.5979
31.3306,15.5979
31.3406,15.5979
31.3506,15.5979
31.3606,15.5979
31.3706,15.5979
31.3806,15.5979
31.3906,15.5979
31.4006,15.5979
31.4106,15.5979
31.4206,15.5979
31.4306,15.5979
31.4406,15.5979
31.4506,15.5979
31.4606,15.5979
31.4706,15.5979
31.4806,15.5979
31.4906,15.5979
31.5006,15.5979
31.5106,15.5979
31.5206,15.5979
31.5306,15.5979
31.5406,15.5979
31.5506,15.5979
31.5606,15.5979
31.5706,15.5979
31.5806,15.5979
31.5906,15.5979
31.6006,15.5979
31.6106,15.5979
31.6206,15.5979
31.6306,15.5979
31.6406,15.5979
31.6506,15.5979
31.6606,15.5979
31.6706,15.5979
31.6806,15.5979
31.6906,15.5979
31.7006,15.5979
31.7106,15.5979
31.7206,15.5979
31.7306,15.5979
31.7406,15.5979
31.7506,15.5979
31.7606,15.5979
31.7706,15.5979
31.7806,15.5979
31.7906,15.5979
31.8006,15.5979
31.8106,15.5979
31.8206,15.5979
31.8306,15.5979
31.8406,15.5979
31.8506,15.5979
31.8606,15.5979
31.8706,15.5979
31.8806,15.5979
31.8906,15.5979
31.9006,15.5979
31.9106,15.5979
31.9206,15.5979
31.9306,15.5979
31.9406,15.5979
31.9506,15.5979
31.9606,15.5979
31.9706,15.5979
31.9806,15.5979
31.9906,15.5979
32.0006,15.5979
32.0106,15.5979
32.0206,15.5979
32.0306,15.5979
32.0406,15.5979
32.0506,15.5979
32.0606,15.5979
32.0706,15.5979
32.0806,15.5979
32.0906,15.5979
32.1006,15.5979
32.1106,15.5979
32.1206,15.5979
32.1306,15.5979
32.1406,15.5979
32.1506,15.5979
32.1606,15.5979
32.1706,15.5979
32.1806,15.5979
32.1906,15.5979
32.2006,15.5979
32.2106,15.5979
32.2206,15.5979
32.2306,15.5979
32.2406,15.5979
32.2506,15.5979
32.2606,15.5979
32.2706,15.5979
32.2806,15.5979
32.2906,15.5979
32.3006,15.5979
32.3106,15.5979
32.3206,15.5979
32.3306,15.5979
32.3406,15.5979
32.3506,15.5979
32.3606,15.5979
32.3706,15.5979
32.3806,15.5979
32.3906,15.5979
32.4006,15.5979
32.4106,15.5979
32.4206,15.5979
32.4306,15.5979
32.4406,15.5979
32.4506,15.5979
32.4606,15.5979
32.4706,15.5979
32.4806,15.5979
32.4906,15.5979
32.5006,15.5979
32.5106,15.5979
32.5205,15.5979
32.5305,15.5979
32.5405,15.5979
32.5505,15.5979
32.5605,15.5979
32.5705,15.5979
32.5805,15.5979
32.5905,15.5979
32.6005,15.5979
32.6105,15.5979
32.6205,15.5979
32.6305,15.5979
32.6405,15.5979
32.6505,15.5979
32.6605,15.5979
32.6705,15.5979
32.6805,15.5979
32.6905,15.5979
32.7005,15.5979
32.7105,15.5979
32.7205,15.5979
32.7305,15.5979
32.7405,15.5979
32.7505,15.5979
32.7605,15.5979
32.7705,15.5979
32.7805,15.5979
32.7905,15.5979
32.8005,15.5979
32.8105,15.5979
32.8205,15.5979
32.8305,15.5979
32.8405,15.5979
32.8505,15.5979
32.8605,15.5979
32.8705,15.5979
32.8805,15.5979
32.8905,15.5979
32.9005,15.5979
32.9105,15.5979
32.9205,15.5979
32.9305,15.5979
32.9405,15.5979
32.9505,15.5979
32.9605,15.5979
32.9705,15.5979
32.9805,15.5979
32.9905,15.5979
33.0005,15.5979
33.0105,15.5979
33.0205,15.5979
33.0305,15.5979
33.0405,15.5979
33.0505,15.5979
33.0605,15.5979
33.0705,15.5979
33.0805,15.5979
33.0905,15.5979
33.1005,15.5979
33.1105,15.5979
33.1204,15.5979
33.1304,15.5979
33.1404,15.5979
33.1504,15.5979
33.1604,15.5979
33.1704,15.5979
33.1804,15.5979
33.1904,15.5979
33.2004,15.5979
33.2104,15.5979
33.2204,15.5979
33.2304,15.5979
33.2404,15.5979
33.2504,15.5979
33.2604,15.5979
33.2704,15.5979
33.2804,15.5979
33.2904,15.5979
33.3004,15.5979
33.3104,15.5979
33.3204,15.5979
33.3304,15.5979
33.3404,15.5761
33.3504,15.5545
33.3604,15.5332
33.3704,15.512
33.3804,15.4911
33.3904,15.4704
33.4004,15.4499
33.4104,15.4296
33.4204,15.4095
33.4304,15.3895
33.4404,15.3698
33.4504,15.3503
33.4604,15.3309
33.4704,15.3118
33.4804,15.2928
33.4904,15.274
33.5004,15.2554
33.5104,15.237
33.5204,15.2187
33.5304,15.2006
33.5404,15.1827
33.5504,15.1649
33.5604,15.1473
33.5704,15.1299
33.5804,15.1127
33.5904,15.0956
33.6004,15.0786
33.6104,15.0618
33.6204,15.0452
33.6304,15.0287
33.6404,15.0124
33.6504,14.9962
33.6604,14.9801
33.6704,14.9642
33.6804,14.9485
33.6904,14.9329
33.7004,14.9174
33.7104,14.9021
33.7203,14.8868
33.7303,14.8718
33.7403,14.8568
33.7503,14.842
33.7603,14.8273
33.7703,14.8128
33.7803,14.7984
33.7903,14.7841
33.8003,14.7699
33.8103,14.7558
33.8203,14.7419
33.8303,14.728
33.8403,14.7143
33.8503,14.7007
33.8603,14.6872
33.8703,14.6739
33.8803,14.6606
33.8903,14.6475
33.9003,14.6344
33.9103,14.6215
33.9203,14.6087
33.9303,14.5959
33.9403,14.5833
33.9503,14.5708
33.9603,14.5584
33.9703,14.546
33.9803,14.5338
33.9903,14.5217
34.0003,14.5097
34.0103,14.4977
34.0203,14.4859
34.0303,14.4741
34.0403,14.4625
34.0503,14.4509
34.0603,14.4394
34.0703,14.428
34.0803,14.4167
34.0903,14.4055
34.1003,14.3943
34.1103,14.3833
34.1203,14.3723
34.1303,14.3614
34.1403,14.3506
34.1503,14.3399
34.1603,14.3292
34.1703,14.3186
34.1803,14.3081
34.1903,14.2977
34.2003,14.2874
34.2103,14.2771
34.2203,14.2669
34.2303,14.2568
34.2403,14.2467
34.2503,14.2368
34.2603,14.2269
34.2703,14.217
34.2803,14.2072
34.2903,14.1975
34.3003,14.1879
34.3102,14.1783
34.3202,14.1688
34.3302,14.1594
34.3402,14.15
34.3502,14.1407
34.3602,14.1314
34.3702,14.1223
34.3802,14.1131
34.3902,14.1041
34.4002,14.0951
34.4102,14.0861
34.4202,14.0772
34.4302,14.0684
34.4402,14.0596
34.4502,14.0509
34.4602,14.0423
34.4702,14.0337
34.4802,14.0251
34.4902,14.0166
34.5002,14.0082
34.5102,13.9998
34.5202,13.9915
34.5302,13.9832
34.5402,13.975
34.5502,13.9668
34.5602,13.9587
34.5702,13.9506
34.5802,13.9426
34.5902,13.9346
34.6002,13.9266
34.6102,13.9188
34.6202,13.9109
34.6302,13.9031
34.6402,13.8954
34.6502,13.8877
34.6602,13.8801
34.6702,13.8725
34.6802,13.8649
34.6902,13.8574
34.7002,13.8499
34.7102,13.8425
34.7202,13.8351
34.7302,13.8278
34.7402,13.8205
34.7502,13.8132
34.7602,13.806
34.7702,13.7988
34.7802,13.7917
34.7902,13.7846
34.8002,13.7775
34.8102,13.7705
34.8202,13.7636
34.8302,13.7566
34.8402,13.7497
34.8502,13.7429
34.8602,13.736
34.8702,13.7292
34.8802,13.7225
34.8902,13.7158
34.9002,13.7091
34.9101,13.7025
34.9201,13.6959
34.9301,13.6893
34.9401,13.6828
34.9501,13.6763
34.9601,13.6698
34.9701,13.6634
34.9801,13.657
34.9901,13.6506
35.0001,13.6443
35.0101,13.638
35.0201,13.6317
35.0301,13.6255
35.0401,13.6193
35.0501,13.6131
35.0601,13.6069
35.0701,13.6008
35.0801,13.5947
35.0901,13.5887
35.1001,13.5827
35.1101,13.5767
35.1201,13.5707
35.1301,13.5648
35.1401,13.5589
35.1501,13.553
35.1601,13.5472
35.1701,13.5414
35.1801,13.5356
35.1901,13.5298
35.2001,13.5241
35.2101,13.5184
35.2201,13.5127
35.2301,13.5071
35.2401,13.5014
35.2501,13.4959
35.2601,13.4903
35.2701,13.4847
35.2801,13.4792
35.2901,13.4737
35.3001,13.4683
35.3101,13.4628
35.3201,13.4574
35.3301,13.452
35.3401,13.4467
35.3501,13.4413
35.3601,13.436
35.3701,13.4307
35.3801,13.4254
35.3901,13.4202
35.4001,13.415
35.4101,13.4098
35.4201,13.4046
35.4301,13.3994
35.4401,13.3943
35.4501,13.3892
35.4601,13.3841
35.4701,13.3791
35.4801,13.374
35.4901,13.369
35.5,13.364
35.51,13.3591
35.52,13.3541
35.53,13.3492
35.54,13.3443
35.55,13.3394
35.56,13.3345
35.57,13.3297
35.58,13.3248
35.59,13.32
35.6,13.3152
35.61,13.3105
35.62,13.3057
35.63,13.301
35.64,13.2963
35.65,13.2916
35.66,13.287
35.67,13.2823
35.68,13.2777
35.69,13.2731
35.7,13.2685
35.71,13.2639
35.72,13.2594
35.73,13.2548
35.74,13.2503
35.75,13.2458
35.76,13.2414
35.77,13.2369
35.78,13.2325
35.79,13.228
35.8,13.2236
35.81,13.2193
35.82,13.2149
35.83,13.2105
35.84,13.2062
35.85,13.2019
35.86,13.1976
35.87,13.1933
35.88,13.189
35.89,13.1848
35.9,13.1805
35.91,13.1763
35.92,13.1721
35.93,13.1679
35.94,13.1638
35.95,13.1596
35.96,13.1555
35.97,13.1514
35.98,13.1473
35.99,13.1432
36,13.1391
36.01,13.135
36.02,13.131
36.03,13.127
36.04,13.123
36.05,13.119
36.06,13.115
36.07,13.111
36.08,13.1071
36.09,13.1031
36.0999,13.0992
36.1099,13.0953
36.1199,13.0914
36.1299,13.0875
36.1399,13.0837
36.1499,13.0798
36.1599,13.076
36.1699,13.0722
36.1799,13.0684
36.1899,13.0646
36.1999,13.0608
36.2099,13.057
36.2199,13.0533
36.2299,13.0495
36.2399,13.0458
36.2499,13.0421
36.2599,13.0384
36.2699,13.0347
36.2799,13.0311
36.2899,13.0274
36.2999,13.0238
36.3099,13.0201
36.3199,13.0165
36.3299,13.0129
36.3399,13.0093
36.3499,13.0057
36.3599,13.0022
36.3699,12.9986
36.3799,12.9951
36.3899,12.9915
36.3999,12.988
36.4099,12.9845
36.4199,12.981
36.4299,12.9776
36.4399,12.9741
36.4499,12.9706
36.4599,12.9672
36.4699,12.9638
36.4799,12.9603
36.4899,12.9569
36.4999,12.9535
36.5099,12.9502
36.5199,12.9468
36.5299,12.9434
36.5399,12.9401
36.5499,12.9367
36.5599,12.9334
36.5699,12.9301
36.5799,12.9268
36.5899,12.9235
36.5999,12.9202
36.6099,12.917
36.6199,12.9137
36.6299,12.9104
36.6399,12.9072
36.6499,12.904
36.6599,12.9008
36.6699,12.8976
36.6799,12.8944
36.6898,12.8912
36.6998,12.888
36.7098,12.8849
36.7198,12.8817
36.7298,12.8786
36.7398,12.8754
36.7498,12.8723
36.7598,12.8692
36.7698,12.8661
36.7798,12.863
36.7898,12.86
36.7998,12.8569
36.8098,12.8538
36.8198,12.8508
36.8298,12.8478
36.8398,12.8447
36.8498,12.8417
36.8598,12.8387
36.8698,12.8357
36.8798,12.8327
36.8898,12.8297
36.8998,12.8268
36.9098,12.8238
36.9198,12.8209
36.9298,12.8179
36.9398,12.815
36.9498,12.8121
36.9598,12.8092
36.9698,12.8063
36.9798,12.8034
36.9898,12.8005
36.9998,12.7976
37.0098,12.7948
37.0198,12.7919
37.0298,12.7891
37.0398,12.7862
37.0498,12.7834
37.0598,12.7806
37.0698,12.7778
37.0798,12.775
37.0898,12.7722
37.0998,12.7694
37.1098,12.7666
37.1198,12.7639
37.1298,12.7611
37.1398,12.7584
37.1498,12.7556
37.1598,12.7529
37.1698,12.7502
37.1798,12.7475
37.1898,12.7448
37.1998,12.7421
37.2098,12.7394
37.2198,12.7367
37.2298,12.734
37.2398,12.7314
37.2498,12.7287
37.2598,12.7261
37.2698,12.7234
37.2798,12.7208
37.2897,12.7182
37.2997,12.7156
37.3097,12.713
37.3197,12.7104
37.3297,12.7078
37.3397,12.7052
37.3497,12.7026
37.3597,12.7001
37.3697,12.6975
37.3797,12.695
37.3897,12.6924
37.3997,12.6899
37.4097,12.6874
37.4197,12.6849
37.4297,12.6824
37.4397,12.6799
37.4497,12.6774
37.4597,12.6749
37.4697,12.6724
37.4797,12.6699
37.4897,12.6675
37.4997,12.665
37.5097,12.6626
37.5197,12.6601
37.5297,12.6577
37.5397,12.6553
37.5497,12.6528
37.5597,12.6504
37.5697,12.648
37.5797,12.6456
37.5897,12.6432
37.5997,12.6409
37.6097,12.6385
37.6197,12.6361
37.6297,12.6338
37.6397,12.6314
37.6497,12.6291
37.6597,12.6267
37.6697,12.6244
37.6797,12.6221
37.6897,12.6197
37.6997,12.6174
37.7097,12.6151
37.7197,12.6128
37.7297,12.6105
37.7397,12.6083
37.7497,12.606
37.7597,12.6037
37.7697,12.6014
37.7797,12.5992
37.7897,12.5969
37.7997,12.5947
37.8097,12.5925
37.8197,12.5902
37.8297,12.588
37.8397,12.5858
37.8497,12.5836
37.8597,12.5814
37.8697,12.5792
37.8797,12.577
37.8896,12.5748
37.8996,12.5726
37.9096,12.5704
37.9196,12.5683
37.9296,12.5661
37.9396,12.564
37.9496,12.5618
37.9596,12.5597
37.9696,12.5575
37.9796,12.5554
37.9896,12.5533
37.9996,12.5512
38.0096,12.5491
38.0196,12.547
38.0296,12.5449
38.0396,12.5428
38.0496,12.5407
38.0596,12.5386
38.0696,12.5365
38.0796,12.5345
38.0896,12.5324
38.0996,12.5304
38.1096,12.5283
38.1196,12.5263
38.1296,12.5242
38.1396,12.5222
38.1496,12.5202
38.1596,12.5182
38.1696,12.5162
38.1796,12.5141
38.1896,12.5121
38.1996,12.5101
38.2096,12.5082
38.2196,12.5062
38.2296,12.5042
38.2396,12.5022
38.2496,12.5003
38.2596,12.4983
38.2696,12.4963
38.2796,12.4944
38.2896,12.4924
38.2996,12.4905
38.3096,12.4886
38.3196,12.4866
38.3296,12.4847
38.3396,12.4828
38.3496,12.4809
38.3596,12.479
38.3696,12.4771
38.3796,12.4752
38.3896,12.4733
38.3996,12.4714
38.4096,12.4695
38.4196,12.4676
38.4296,12.4658
38.4396,12.4639
38.4496,12.4621
38.4596,12.4602
38.4696,12.4584
38.4795,12.4565
38.4895,12.4547
38.4995,12.4528
38.5095,12.451
38.5195,12.4492
38.5295,12.4474
38.5395,12.4456
38.5495,12.4437
38.5595,12.4419
38.5695,12.4402
38.5795,12.4384
38.5895,12.4366
38.5995,12.4348
38.6095,12.433
38.6195,12.4312
38.6295,12.4295
38.6395,12.4277
38.6495,12.426
38.6595,12.4242
38.6695,12.4225
38.6795,12.4207
38.6895,12.419
38.6995,12.4172
38.7095,12.4155
38.7195,12.4138
38.7295,12.4121
38.7395,12.4104
38.7495,12.4086
38.7595,12.4069
38.7695,12.4052
38.7795,12.4035
38.7895,12.4019
38.7995,12.4002
38.8095,12.3985
38.8195,12.3968
38.8295,12.3951
38.8395,12.3935
38.8495,12.3918
38.8595,12.3902
38.8695,12.3885
38.8795,12.3869
38.8895,12.3852
38.8995,12.3836
38.9095,12.3819
38.9195,12.3803
38.9295,12.3787
38.9395,12.3771
38.9495,12.3754
38.9595,12.3738
38.9695,12.3722
38.9795,12.3706
38.9895,12.369
38.9995,12.3674
39.0095,12.3658
39.0195,12.3642
39.0295,12.3626
39.0395,12.3611
39.0495,12.3595
39.0595,12.3579
39.0695,12.3564
39.0794,12.3548
39.0894,12.3532
39.0994,12.3517
39.1094,12.3501
39.1194,12.3486
39.1294,12.3471
39.1394,12.3455
39.1494,12.344
39.1594,12.3425
39.1694,12.3409
39.1794,12.3394
39.1894,12.3379
39.1994,12.3364
39.2094,12.3349
39.2194,12.3334
39.2294,12.3319
39.2394,12.3304
39.2494,12.3289
39.2594,12.3274
39.2694,12.3259
39.2794,12.3244
39.2894,12.323
39.2994,12.3215
39.3094,12.32
39.3194,12.3186
39.3294,12.3171
39.3394,12.3157
39.3494,12.3142
39.3594,12.3128
39.3694,12.3113
39.3794,12.3099
39.3894,12.3084
39.3994,12.307
39.4094,12.3056
39.4194,12.3041
39.4294,12.3027
39.4394,12.3013
39.4494,12.2999
39.4594,12.2985
39.4694,12.2971
39.4794,12.2957
39.4894,12.2943
39.4994,12.2929
39.5094,12.2915
39.5194,12.2901
39.5294,12.2887
39.5394,12.2873
39.5494,12.286
39.5594,12.2846
39.5694,12.2832
39.5794,12.2819
39.5894,12.2805
39.5994,12.2791
39.6094,12.2778
39.6194,12.2764
39.6294,12.2751
39.6394,12.2737
39.6494,12.2724
39.6594,12.2711
39.6693,12.2697
39.6793,12.2684
39.6893,12.2671
39.6993,12.2657
39.7093,12.2644
39.7193,12.2631
39.7293,12.2618
39.7393,12.2605
39.7493,12.2592
39.7593,12.2579
39.7693,12.2566
39.7793,12.2553
39.7893,12.254
39.7993,12.2527
39.8093,12.2514
39.8193,12.2501
39.8293,12.2489
39.8393,12.2476
39.8493,12.2463
39.8593,12.245
39.8693,12.2438
39.8793,12.2425
39.8893,12.2413
39.8993,12.24
39.9093,12.2387
39.9193,12.2375
39.9293,12.2363
39.9393,12.235
39.9493,12.2338
39.9593,12.2325
39.9693,12.2313
39.9793,12.2301
39.9893,12.2288
39.9993,12.2276
40.0093,12.2264
40.0193,12.2252
40.0293,12.224
40.0393,12.2228
40.0493,12.2216
40.0593,12.2204
40.0693,12.2191
40.0793,12.2179
40.0893,12.2168
40.0993,12.2156
40.1093,12.2144
40.1193,12.2132
40.1293,12.212
40.1393,12.2108
40.1493,12.2096
40.1593,12.2085
40.1693,12.2073
40.1793,12.2061
40.1893,12.205
40.1993,12.2038
40.2093,12.2027
40.2193,12.2015
40.2293,12.2003
40.2393,12.1992
40.2493,12.198
40.2593,12.1969
40.2692,12.1958
40.2792,12.1946
40.2892,12.1935
40.2992,12.1924
40.3092,12.1912
40.3192,12.1901
40.3292,12.189
40.3392,12.1879
40.3492,12.1867
40.3592,12.1856
40.3692,12.1845
40.3792,12.1834
40.3892,12.1823
40.3992,12.1812
40.4092,12.1801
40.4192,12.179
40.4292,12.1779
40.4392,12.1768
40.4492,12.1757
40.4592,12.1746
40.4692,12.1735
40.4792,12.1725
40.4892,12.1714
40.4992,12.1703
40.5092,12.1692
40.5192,12.1682
40.5292,12.1671
40.5392,12.166
40.5492,12.165
40.5592,12.1639
40.5692,12.1628
40.5792,12.1618
40.5892,12.1607
40.5992,12.1597
40.6092,12.1586
40.6192,12.1576
40.6292,12.1566
40.6392,12.1555
40.6492,12.1545
40.6592,12.1535
40.6692,12.1524
40.6792,12.1514
40.6892,12.1504
40.6992,12.1493
40.7092,12.1483
40.7192,12.1473
40.7292,12.1463
40.7392,12.1453
40.7492,12.1443
40.7592,12.1433
40.7692,12.1423
40.7792,12.1413
40.7892,12.1403
40.7992,12.1393
40.8092,12.1383
40.8192,12.1373
40.8292,12.1363
40.8392,12.1353
40.8492,12.1343
40.8591,12.1333
40.8691,12.1323
40.8791,12.1314
40.8891,12.1304
40.8991,12.1294
40.9091,12.1284
40.9191,12.1275
40.9291,12.1265
40.9391,12.1255
40.9491,12.1246
40.9591,12.1236
40.9691,12.1227
40.9791,12.1217
40.9891,12.1208
40.9991,12.1198
41.0091,12.1189
41.0191,12.1179
41.0291,12.117
41.0391,12.116
41.0491,12.1151
41.0591,12.1142
41.0691,12.1132
41.0791,12.1123
41.0891,12.1114
41.0991,12.1105
41.1091,12.1095
41.1191,12.1086
41.1291,12.1077
41.1391,12.1068
41.1491,12.1059
41.1591,12.1049
41.1691,12.104
41.1791,12.1031
41.1891,12.1022
41.1991,12.1013
41.2091,12.1004
41.2191,12.0995
41.2291,12.0986
41.2391,12.0977
41.2491,12.0968
41.2591,12.096
41.2691,12.0951
41.2791,12.0942
41.2891,12.0933
41.2991,12.0924
41.3091,12.0915
41.3191,12.0907
41.3291,12.0898
41.3391,12.0889
41.3491,12.088
41.3591,12.0872
41.3691,12.0863
41.3791,12.0854
41.3891,12.0846
41.3991,12.0837
41.4091,12.0829
41.4191,12.082
41.4291,12.0812
41.4391,12.0803
41.4491,12.0795
41.459,12.0786
41.469,12.0778
41.479,12.0769
41.489,12.0761
41.499,12.0752
41.509,12.0744
41.519,12.0736
41.529,12.0727
41.539,12.0719
41.549,12.0711
41.559,12.0703
41.569,12.0694
41.579,12.0686
41.589,12.0678
41.599,12.067
41.609,12.0662
41.619,12.0653
41.629,12.0645
41.639,12.0637
41.649,12.0629
41.659,12.0621
41.669,12.0613
41.679,12.0605
41.689,12.0597
41.699,12.0589
41.709,12.0581
41.719,12.0573
41.729,12.0565
41.739,12.0557
41.749,12.0549
41.759,12.0541
41.769,12.0534
41.779,12.0526
41.789,12.0518
41.799,12.051
41.809,12.0502
41.819,12.0495
41.829,12.0487
41.839,12.0479
41.849,12.0472
41.859,12.0464
41.869,12.0456
41.879,12.0449
41.889,12.0441
41.899,12.0433
41.909,12.0426
41.919,12.0418
41.929,12.0411
41.939,12.0403
41.949,12.0396
41.959,12.0388
41.969,12.0381
41.979,12.0373
41.989,12.0366
41.999,12.0358
42.009,12.0351
42.019,12.0343
42.029,12.0336
42.039,12.0329
42.049,12.0321
42.0589,12.0314
42.0689,12.0307
42.0789,12.0299
42.0889,12.0292
42.0989,12.0285
42.1089,12.0278
42.1189,12.027
42.1289,12.0263
42.1389,12.0256
42.1489,12.0249
42.1589,12.0242
42.1689,12.0235
42.1789,12.0228
42.1889,12.022
42.1989,12.0213
42.2089,12.0206
42.2189,12.0199
42.2289,12.0192
42.2389,12.0185
42.2489,12.0178
42.2589,12.0171
42.2689,12.0164
42.2789,12.0157
42.2889,12.015
42.2989,12.0143
42.3089,12.0137
42.3189,12.013
42.3289,12.0123
42.3389,12.0116
42.3489,12.0109
42.3589,12.0102
42.3689,12.0096
42.3789,12.0089
42.3889,12.0082
42.3989,12.0075
42.4089,12.0069
42.4189,12.0062
42.4289,12.0055
42.4389,12.0048
42.4489,12.0042
42.4589,12.0035
42.4689,12.0029
42.4789,12.0022
42.4889,12.0015
42.4989,12.0009
42.5089,12.0002
42.5189,11.9996
42.5289,11.9989
42.5389,11.9983
42.5489,11.9976
42.5589,11.997
42.5689,11.9963
42.5789,11.9957
42.5889,11.995
42.5989,11.9944
42.6089,11.9937
42.6189,11.9931
42.6289,11.9924
42.6389,11.9918
42.6488,11.9912
42.6588,11.9905
42.6688,11.9899
42.6788,11.9893
42.6888,11.9886
42.6988,11.988
42.7088,11.9874
42.7188,11.9868
42.7288,11.9861
42.7388,11.9855
42.7488,11.9849
42.7588,11.9843
42.7688,11.9837
42.7788,11.983
42.7888,11.9824
42.7988,11.9818
42.8088,11.9812
42.8188,11.9806
42.8288,11.98
42.8388,11.9794
42.8488,11.9788
42.8588,11.9782
42.8688,11.9776
42.8788,11.977
42.8888,11.9764
42.8988,11.9758
42.9088,11.9752
42.9188,11.9746
42.9288,11.974
42.9388,11.9734
42.9488,11.9728
42.9588,11.9722
42.9688,11.9716
42.9788,11.971
42.9888,11.9704
42.9988,11.9698
43.0088,11.9693
43.0188,11.9687
43.0288,11.9681
43.0388,11.9675
43.0488,11.9669
43.0588,11.9664
43.0688,11.9658
43.0788,11.9652
43.0888,11.9646
43.0988,11.9641
43.1088,11.9635
43.1188,11.9629
43.1288,11.9624
43.1388,11.9618
43.1488,11.9612
43.1588,11.9607
43.1688,11.9601
43.1788,11.9595
43.1888,11.959
43.1988,11.9584
43.2088,11.9579
43.2188,11.9573
43.2288,11.9568
43.2388,11.9562
43.2487,11.9557
43.2587,11.9551
43.2687,11.9546
43.2787,11.954
43.2887,11.9535
43.2987,11.9529
43.3087,11.9524
43.3187,11.9518
43.3287,11.9513
43.3387,11.9507
43.3487,11.9502
43.3587,11.9497
43.3687,11.9491
43.3787,11.9486
43.3887,11.9481
43.3987,11.9475
43.4087,11.947
43.4187,11.9465
43.4287,11.9459
43.4387,11.9454
43.4487,11.9449
43.4587,11.9444
43.4687,11.9438
43.4787,11.9433
43.4887,11.9428
43.4987,11.9423
43.5087,11.9418
43.5187,11.9412
43.5287,11.9407
43.5387,11.9402
43.5487,11.9397
43.5587,11.9392
43.5687,11.9387
43.5787,11.9381
43.5887,11.9376
43.5987,11.9371
43.6087,11.9366
43.6187,11.9361
43.6287,11.9356
43.6387,11.9351
43.6487,11.9346
43.6587,11.9341
43.6687,11.9336
43.6787,11.9331
43.6887,11.9326
43.6987,11.9321
43.7087,11.9316
43.7187,11.9311
43.7287,11.9306
43.7387,11.9301
43.7487,11.9296
43.7587,11.9292
43.7687,11.9287
43.7787,11.9282
43.7887,11.9277
43.7987,11.9272
43.8087,11.9267
43.8187,11.9262
43.8287,11.9258
43.8386,11.9253
43.8486,11.9248
43.8586,11.9243
43.8686,11.9238
43.8786,11.9234
43.8886,11.9229
43.8986,11.9224
43.9086,11.9219
43.9186,11.9215
43.9286,11.921
43.9386,11.9205
43.9486,11.9201
43.9586,11.9196
43.9686,11.9191
43.9786,11.9186
43.9886,11.9182
43.9986,11.9177
44.0086,11.9173
44.0186,11.9168
44.0286,11.9163
44.0386,11.9159
44.0486,11.9154
44.0586,11.915
44.0686,11.9145
44.0786,11.9141
44.0886,11.9136
44.0986,11.9131
44.1086,11.9127
44.1186,11.9122
44.1286,11.9118
44.1386,11.9113
44.1486,11.9109
44.1586,11.9104
44.1686,11.91
44.1786,11.9096
44.1886,11.9091
44.1986,11.9087
44.2086,11.9082
44.2186,11.9078
44.2286,11.9073
44.2386,11.9069
44.2486,11.9065
44.2586,11.906
44.2686,11.9056
44.2786,11.9052
44.2886,11.9047
44.2986,11.9043
44.3086,11.9039
44.3186,11.9034
44.3286,11.903
44.3386,11.9026
44.3486,11.9021
44.3586,11.9017
44.3686,11.9013
44.3786,11.9009
44.3886,11.9004
44.3986,11.9
44.4086,11.8996
44.4186,11.8992
44.4286,11.8988
44.4385,11.8983
44.4485,11.8979
44.4585,11.8975
44.4685,11.8971
44.4785,11.8967
44.4885,11.8963
44.4985,11.8958
44.5085,11.8954
44.5185,11.895
44.5285,11.8946
44.5385,11.8942
44.5485,11.8938
44.5585,11.8934
44.5685,11.893
44.5785,11.8926
44.5885,11.8922
44.5985,11.8918
44.6085,11.8914
44.6185,11.891
44.6285,11.8906
44.6385,11.8902
44.6485,11.8898
44.6585,11.8894
44.6685,11.889
44.6785,11.8886
44.6885,11.8882
44.6985,11.8878
44.7085,11.8874
44.7185,11.887
44.7285,11.8866
44.7385,11.8862
44.7485,11.8858
44.7585,11.8854
44.7685,11.885
44.7785,11.8846
44.7885,11.8843
44.7985,11.8839
44.8085,11.8835
44.8185,11.8831
44.8285,11.8827
44.8385,11.8823
44.8485,11.8819
44.8585,11.8816
44.8685,11.8812
44.8785,11.8808
44.8885,11.8804
44.8985,11.8801
44.9085,11.8797
44.9185,11.8793
44.9285,11.8789
44.9385,11.8786
44.9485,11.8782
44.9585,11.8778
44.9685,11.8774
44.9785,11.8771
44.9885,11.8767
44.9985,11.8763
45.0085,11.876
45.0185,11.8756
45.0285,11.8752
45.0384,11.8749
45.0484,11.8745
45.0584,11.8741
45.0684,11.8738
45.0784,11.8734
45.0884,11.873
45.0984,11.8727
45.1084,11.8723
45.1184,11.872
45.1284,11.8716
45.1384,11.8712
45.1484,11.8709
45.1584,11.8705
45.1684,11.8702
45.1784,11.8698
45.1884,11.8695
45.1984,11.8691
45.2084,11.8688
45.2184,11.8684
45.2284,11.8681
45.2384,11.8677
45.2484,11.8674
45.2584,11.867
45.2684,11.8667
45.2784,11.8663
45.2884,11.866
45.2984,11.8656
45.3084,11.8653
45.3184,11.865
45.3284,11.8646
45.3384,11.8643
45.3484,11.8639
45.3584,11.8636
45.3684,11.8632
45.3784,11.8629
45.3884,11.8626
45.3984,11.8622
45.4084,11.8619
45.4184,11.8616
45.4284,11.8612
45.4384,11.8609
45.4484,11.8606
45.4584,11.8602
45.4684,11.8599
45.4784,11.8596
45.4884,11.8592
45.4984,11.8589
45.5084,11.8586
45.5184,11.8582
45.5284,11.8579
45.5384,11.8576
45.5484,11.8573
45.5584,11.8569
45.5684,11.8566
45.5784,11.8563
45.5884,11.856
45.5984,11.8556
45.6084,11.8553
45.6184,11.855
45.6283,11.8547
45.6383,11.8544
45.6483,11.854
45.6583,11.8537
45.6683,11.8534
45.6783,11.8531
45.6883,11.8528
45.6983,11.8525
45.7083,11.8522
45.7183,11.8518
45.7283,11.8515
45.7383,11.8512
45.7483,11.8509
45.7583,11.8506
45.7683,11.8503
45.7783,11.85
45.7883,11.8497
45.7983,11.8494
45.8083,11.849
45.8183,11.8487
45.8283,11.8484
45.8383,11.8481
45.8483,11.8478
45.8583,11.8475
45.8683,11.8472
45.8783,11.8469
45.8883,11.8466
45.8983,11.8463
45.9083,11.846
45.9183,11.8457
45.9283,11.8454
45.9383,11.8451
45.9483,11.8448
45.9583,11.8445
45.9683,11.8442
45.9783,11.8439
45.9883,11.8436
45.9983,11.8433
46.0083,11.843
46.0183,11.8427
46.0283,11.8425
46.0383,11.8422
46.0483,11.8419
46.0583,11.8416
46.0683,11.8413
46.0783,11.841
46.0883,11.8407
46.0983,11.8404
46.1083,11.8401
46.1183,11.8399
46.1283,11.8396
46.1383,11.8393
46.1483,11.839
46.1583,11.8387
46.1683,11.8384
46.1783,11.8381
46.1883,11.8379
46.1983,11.8376
46.2083,11.8373
46.2183,11.837
46.2282,11.8367
46.2382,11.8365
46.2482,11.8362
46.2582,11.8359
46.2682,11.8356
46.2782,11.8354
46.2882,11.8351
46.2982,11.8348
46.3082,11.8345
46.3182,11.8342
46.3282,11.834
46.3382,11.8337
46.3482,11.8334
46.3582,11.8332
46.3682,11.8329
46.3782,11.8326
46.3882,11.8323
46.3982,11.8321
46.4082,11.8318
46.4182,11.8315
46.4282,11.8313
46.4382,11.831
46.4482,11.8307
46.4582,11.8305
46.4682,11.8302
46.4782,11.8299
46.4882,11.8297
46.4982,11.8294
46.5082,11.8292
46.5182,11.8289
46.5282,11.8286
46.5382,11.8284
46.5482,11.8281
46.5582,11.8278
46.5682,11.8276
46.5782,11.8273
46.5882,11.8271
46.5982,11.8268
46.6082,11.8266
46.6182,11.8263
46.6282,11.826
46.6382,11.8258
46.6482,11.8255
46.6582,11.8253
46.6682,11.825
46.6782,11.8248
46.6882,11.8245
46.6982,11.8243
46.7082,11.824
46.7182,11.8238
46.7282,11.8235
46.7382,11.8233
46.7482,11.823
46.7582,11.8228
46.7682,11.8225
46.7782,11.8223
46.7882,11.822
46.7982,11.8218
46.8082,11.8215
46.8181,11.8213
46.8281,11.821
46.8381,11.8208
46.8481,11.8206
46.8581,11.8203
46.8681,11.8201
46.8781,11.8198
46.8881,11.8196
46.8981,11.8193
46.9081,11.8191
46.9181,11.8189
46.9281,11.8186
46.9381,11.8184
46.9481,11.8181
46.9581,11.8179
46.9681,11.8177
46.9781,11.8174
46.9881,11.8172
46.9981,11.817
47.0081,11.8167
47.0181,11.8165
47.0281,11.8163
47.0381,11.816
47.0481,11.8158
47.0581,11.8156
47.0681,11.8153
47.0781,11.8151
47.0881,11.8149
47.0981,11.8146
47.1081,11.8144
47.1181,11.8142
47.1281,11.8139
47.1381,11.8137
47.1481,11.8135
47.1581,11.8133
47.1681,11.813
47.1781,11.8128
47.1881,11.8126
47.1981,11.8124
47.2081,11.8121
47.2181,11.8119
47.2281,11.8117
47.2381,11.8115
47.2481,11.8112
47.2581,11.811
47.2681,11.8108
47.2781,11.8106
47.2881,11.8103
47.2981,11.8101
47.3081,11.8099
47.3181,11.8097
47.3281,11.8095
47.3381,11.8092
47.3481,11.809
47.3581,11.8088
47.3681,11.8086
47.3781,11.8084
47.3881,11.8082
47.3981,11.8079
47.4081,11.8077
47.418,11.8075
47.428,11.8073
47.438,11.8071
47.448,11.8069
47.458,11.8067
47.468,11.8064
47.478,11.8062
47.488,11.806
47.498,11.8058
47.508,11.8056
47.518,11.8054
47.528,11.8052
47.538,11.805
47.548,11.8048
47.558,11.8046
47.568,11.8043
47.578,11.8041
47.588,11.8039
47.598,11.8037
47.608,11.8035
47.618,11.8033
47.628,11.8031
47.638,11.8029
47.648,11.8027
47.658,11.8025
47.668,11.8023
47.678,11.8021
47.688,11.8019
47.698,11.8017
47.708,11.8015
47.718,11.8013
47.728,11.8011
47.738,11.8009
47.748,11.8007
47.758,11.8005
47.768,11.8003
47.778,11.8001
47.788,11.7999
47.798,11.7997
47.808,11.7995
47.818,11.7993
47.828,11.7991
47.838,11.7989
47.848,11.7987
47.858,11.7985
47.868,11.7983
47.878,11.7981
47.888,11.7979
47.898,11.7977
47.908,11.7975
47.918,11.7973
47.928,11.7972
47.938,11.797
47.948,11.7968
47.958,11.7966
47.968,11.7964
47.978,11.7962
47.988,11.796
47.998,11.7958
48.0079,11.7956
48.0179,11.7954
48.0279,11.7953
48.0379,11.7951
48.0479,11.7949
48.0579,11.7947
48.0679,11.7945
48.0779,11.7943
48.0879,11.7941
48.0979,11.794
48.1079,11.7938
48.1179,11.7936
48.1279,11.7934
48.1379,11.7932
48.1479,11.793
48.1579,11.7928
48.1679,11.7927
48.1779,11.7925
48.1879,11.7923
48.1979,11.7921
48.2079,11.7919
48.2179,11.7918
48.2279,11.7916
48.2379,11.7914
48.2479,11.7912
48.2579,11.791
48.2679,11.7909
48.2779,11.7907
48.2879,11.7905
48.2979,11.7903
48.3079,11.7902
48.3179,11.79
48.3279,11.7898
48.3379,11.7896
48.3479,11.7895
48.3579,11.7893
48.3679,11.7891
48.3779,11.7889
48.3879,11.7888
48.3979,11.7886
48.4079,11.7884
48.4179,11.7882
48.4279,11.7881
48.4379,11.7879
48.4479,11.7877
48.4579,11.7875
48.4679,11.7874
48.4779,11.7872
48.4879,11.787
48.4979,11.7869
48.5079,11.7867
48.5179,11.7865
48.5279,11.7864
48.5379,11.7862
48.5479,11.786
48.5579,11.7859
48.5679,11.7857
48.5779,11.7855
48.5879,11.7854
48.5979,11.7852
48.6078,11.785
48.6178,11.7849
48.6278,11.7847
48.6378,11.7845
48.6478,11.7844
48.6578,11.7842
48.6678,11.784
48.6778,11.7839
48.6878,11.7837
48.6978,11.7836
48.7078,11.7834
48.7178,11.7832
48.7278,11.7831
48.7378,11.7829
48.7478,11.7827
48.7578,11.7826
48.7678,11.7824
48.7778,11.7823
48.7878,11.7821
48.7978,11.7819
48.8078,11.7818
48.8178,11.7816
48.8278,11.7815
48.8378,11.7813
48.8478,11.7812
48.8578,11.781
48.8678,11.7808
48.8778,11.7807
48.8878,11.7805
48.8978,11.7804
48.9078,11.7802
48.9178,11.7801
48.9278,11.7799
48.9378,11.7798
48.9478,11.7796
48.9578,11.7795
48.9678,11.7793
48.9778,11.7791
48.9878,11.779
48.9978,11.7788
49.0078,11.7787
49.0178,11.7785
49.0278,11.7784
49.0378,11.7782
49.0478,11.7781
49.0578,11.7779
49.0678,11.7778
49.0778,11.7776
49.0878,11.7775
49.0978,11.7773
49.1078,11.7772
49.1178,11.777
49.1278,11.7769
49.1378,11.7767
49.1478,11.7766
49.1578,11.7765
49.1678,11.7763
49.1778,11.7762
49.1878,11.776
49.1978,11.7759
49.2077,11.7757
49.2177,11.7756
49.2277,11.7754
49.2377,11.7753
49.2477,11.7751
49.2577,11.775
49.2677,11.7749
49.2777,11.7747
49.2877,11.7746
49.2977,11.7744
49.3077,11.7743
49.3177,11.7741
49.3277,11.774
49.3377,11.7739
49.3477,11.7737
49.3577,11.7736
49.3677,11.7734
49.3777,11.7733
49.3877,11.7732
49.3977,11.773
49.4077,11.7729
49.4177,11.7727
49.4277,11.7726
49.4377,11.7725
49.4477,11.7723
49.4577,11.7722
49.4677,11.7721
49.4777,11.7719
49.4877,11.7718
49.4977,11.7716
49.5077,11.7715
49.5177,11.7714
49.5277,11.7712
49.5377,11.7711
49.5477,11.771
49.5577,11.7708
49.5677,11.7707
49.5777,11.7706
49.5877,11.7704
49.5977,11.7703
49.6077,11.7702
49.6177,11.77
49.6277,11.7699
49.6377,11.7698
49.6477,11.7696
49.6577,11.7695
49.6677,11.7694
49.6777,11.7692
49.6877,11.7691
49.6977,11.769
49.7077,11.7688
49.7177,11.7687
49.7277,11.7686
49.7377,11.7685
49.7477,11.7683
49.7577,11.7682
49.7677,11.7681
49.7777,11.7679
49.7877,11.7678
49.7976,11.7677
49.8076,11.7676
49.8176,11.7674
49.8276,11.7673
49.8376,11.7672
49.8476,11.7671
49.8576,11.7669
49.8676,11.7668
49.8776,11.7667
49.8876,11.7666
49.8976,11.7664
49.9076,11.7663
49.9176,11.7662
49.9276,11.7661
49.9376,11.7659
49.9476,11.7658
49.9576,11.7657
49.9676,11.7656
49.9776,11.7654
49.9876,11.7653
49.9976,11.7652
