Concentration of u
0,0.78125
0.01,1.42288
0.02,1.99802
0.03,2.52957
0.04,3.02903
0.05,3.50332
0.06,3.95711
0.07,4.3937
0.08,4.81561
0.09,5.22478
0.1,5.62277
0.11,6.01085
0.12,6.39009
0.13,6.76138
0.14,7.12551
0.15,7.48313
0.16,7.83484
0.17,8.18116
0.18,8.52254
0.19,8.8594
0.2,9.19213
0.21,9.52104
0.22,9.84646
0.23,10.1687
0.24,10.4879
0.25,10.8045
0.26,11.1185
0.27,11.4303
0.28,11.74
0.29,12.0478
0.3,12.3539
0.31,12.6584
0.32,12.9615
0.33,13.2633
0.34,13.564
0.35,13.8636
0.36,14.1624
0.37,14.4604
0.38,14.7578
0.39,15.0546
0.4,15.3509
0.41,15.6469
0.42,15.9426
0.43,16.2382
0.44,16.5337
0.45,16.8291
0.46,17.1247
0.47,17.4204
0.48,17.7163
0.49,18.0126
0.5,18.3092
0.51,18.6063
0.52,18.9038
0.53,19.202
0.54,19.5007
0.55,19.8002
0.56,20.1004
0.57,20.4014
0.58,20.7032
0.59,21.006
0.6,21.3097
0.61,21.6144
0.62,21.9202
0.63,22.2271
0.64,22.5351
0.65,22.8443
0.66,23.1548
0.67,23.4665
0.68,23.7796
0.69,24.094
0.7,24.4097
0.71,24.7269
0.72,25.0456
0.73,25.3658
0.74,25.6874
0.75,26.0107
0.76,26.3355
0.77,26.662
0.78,26.9901
0.79,27.3198
0.8,27.6513
0.81,27.9845
0.82,28.3195
0.83,28.6562
0.839999,28.9947
0.849999,29.3351
0.859999,29.6772
0.869999,30.0213
0.879999,30.3672
0.889999,30.715
0.899999,31.0647
0.909999,31.4163
0.919999,31.7699
0.929999,32.1255
0.939999,32.483
0.949999,32.8424
0.959999,33.2039
0.969999,33.5673
0.979999,33.9328
0.989999,34.3003
0.999999,34.6698
1.01,35.0413
1.02,35.4149
1.03,35.7904
1.04,36.1681
1.05,36.5477
1.06,36.9294
1.07,37.3131
1.08,37.6989
1.09,38.0867
1.1,38.4766
1.11,38.8684
1.12,39.2623
1.13,39.6583
1.14,40.0562
1.15,40.4561
1.16,40.858
1.17,41.2619
1.18,41.6678
1.19,42.0757
1.2,42.4855
1.21,42.8972
1.22,43.3109
1.23,43.7265
1.24,44.1439
1.25,44.5633
1.26,44.9845
1.27,45.4075
1.28,45.8324
1.29,46.2591
1.3,46.6876
1.31,47.1178
1.32,47.5498
1.33,47.9834
1.34,48.4188
1.35,48.8559
1.36,49.2945
1.37,49.7348
1.38,50.1767
1.39,50.6202
1.4,51.0652
1.41,51.5117
1.42,51.9597
1.43,52.4091
1.44,52.8599
1.45,53.3122
1.46,53.7657
1.47,54.2206
1.48,54.6768
1.49,55.1343
1.5,55.593
1.51,56.0528
1.52,56.5138
1.53,56.976
1.54,57.4392
1.55,57.9034
1.56,58.3687
1.57,58.8349
1.58,59.3021
1.59,59.7702
1.6,60.2391
1.61,60.7089
1.62,61.1795
1.63,61.6508
1.64,62.1228
1.65,62.5954
1.66,63.0687
1.67,63.5426
1.68,64.0171
1.69,64.492
1.7,64.9674
1.71,65.4433
1.72,65.9196
1.73,66.3962
1.74,66.8731
1.75,67.3503
1.76,67.8277
1.77,68.3053
1.78,68.783
1.79,69.2609
1.8,69.7389
1.81,70.2168
1.82,70.6948
1.83,71.1727
1.84,71.6506
1.85,72.1283
1.86,72.6058
1.87,73.0832
1.88,73.5603
1.89,74.0371
1.9,74.5136
1.91,74.9897
1.92,75.4655
1.93,75.9408
1.94,76.4157
1.95,76.89
1.96,77.3638
1.97,77.8371
1.98,78.3097
1.99,78.7817
2,79.2529
2.01,79.7235
2.02,80.1933
2.03,80.6623
2.04,81.1305
2.05,81.5979
2.06,82.0643
2.07,82.5299
2.08,82.9945
2.09,83.4581
2.1,83.9207
2.11,84.3822
2.12,84.8427
2.13,85.302
2.14,85.7602
2.15,86.2173
2.16,86.6732
2.17,87.1278
2.18,87.5812
2.19,88.0333
2.2,88.4842
2.21,88.9337
2.22,89.3818
2.23,89.8286
2.24,90.2739
2.25,90.7179
2.26,91.1604
2.27,91.6014
2.28,92.0409
2.29,92.4789
2.3,92.9154
2.31,93.3503
2.32,93.7836
2.33,94.2153
2.34,94.6454
2.35,95.0739
2.36,95.5007
2.37,95.9258
2.38,96.3492
2.39,96.7709
2.4,97.1909
2.41,97.6092
2.42,98.0256
2.43,98.4404
2.44,98.8533
2.45,99.2644
2.46,99.6737
2.47,100.081
2.48,100.487
2.49,100.891
2.5,101.292
2.51,101.692
2.52,102.091
2.53,102.487
2.54,102.881
2.55,103.273
2.56,103.664
2.57,104.052
2.58,104.439
2.59,104.824
2.6,105.206
2.61,105.587
2.62,105.966
2.63,106.342
2.64,106.717
2.65,107.09
2.66,107.46
2.67,107.829
2.68,108.196
2.69,108.56
2.7,108.923
2.71,109.284
2.72,109.642
2.73,109.999
2.74,110.353
2.75,110.706
2.76,111.056
2.77,111.405
2.78,111.751
2.79,112.095
2.8,112.438
2.81,112.778
2.82,113.116
2.83,113.452
2.84,113.786
2.85,114.118
2.86,114.448
2.87,114.776
2.88,115.102
2.89,115.426
2.9,115.748
2.91,116.068
2.92,116.386
2.93,116.701
2.94,117.015
2.95,117.327
2.96,117.637
2.97,117.944
2.98,118.25
2.99,118.554
3,118.855
3.01,119.155
3.02,119.453
3.03,119.748
3.04,120.042
3.05,120.334
3.06,120.623
3.07,120.911
3.08,121.197
3.09,121.481
3.1,121.763
3.11,122.043
3.12,122.321
3.13,122.597
3.14,122.871
3.15,123.143
3.16,123.413
3.17,123.682
3.18,123.948
3.19,124.213
3.2,124.476
3.21,124.736
3.22,124.995
3.23,125.253
3.24,125.508
3.25,125.761
3.26,126.013
3.27,126.262
3.28,126.51
3.29,126.756
3.3,127.001
3.31,127.243
3.32,127.484
3.33,127.723
3.34,127.96
3.35,128.195
3.36,128.429
3.37,128.661
3.38,128.891
3.39,129.119
3.4,129.346
3.41,129.571
3.42,129.794
3.43,130.015
3.44,130.235
3.45,130.453
3.46,130.67
3.47,130.885
3.48,131.098
3.49,131.309
3.5,131.519
3.51,131.727
3.52,131.934
3.53,132.139
3.54,132.342
3.55,132.544
3.56,132.744
3.57,132.943
3.58,133.14
3.59,133.336
3.6,133.53
3.61,133.722
3.62,133.913
3.63,134.103
3.64,134.291
3.65,134.477
3.66,134.662
3.67,134.846
3.68,135.028
3.69,135.208
3.7,135.387
3.71,135.565
3.72,135.741
3.73,135.916
3.74,136.089
3.75,136.261
3.76,136.432
3.77,136.601
3.78,136.769
3.79,136.935
3.8,137.1
3.81,137.264
3.82,137.427
3.83,137.588
3.84,137.747
3.85,137.906
3.86,138.063
3.87,138.219
3.88,138.373
3.89,138.527
3.9,138.679
3.91,138.83
3.92,138.979
3.93,139.127
3.94,139.274
3.95,139.42
3.96,139.565
3.97,139.708
3.98,139.85
3.99,139.991
4,140.131
4.01,140.27
4.02,140.407
4.03,140.544
4.04,140.679
4.05,140.813
4.06,140.946
4.07,141.077
4.08,141.208
4.09,141.338
4.1,141.466
4.11,141.593
4.12,141.72
4.13,141.845
4.14,141.969
4.15,142.092
4.16,142.214
4.17,142.335
4.18,142.455
4.19,142.574
4.2,142.692
4.21,142.809
4.22,142.925
4.23,143.04
4.24,143.154
4.25,143.267
4.26,143.379
4.27,143.49
4.28,143.6
4.29,143.709
4.3,143.817
4.31,143.925
4.32,144.031
4.33,144.136
4.34,144.241
4.35,144.344
4.36,144.447
4.37001,144.549
4.38001,144.65
4.39001,144.75
4.40001,144.849
4.41001,144.947
4.42001,145.045
4.43001,145.141
4.44001,145.237
4.45001,145.332
4.46001,145.426
4.47001,145.519
4.48001,145.612
4.49001,145.704
4.50001,145.794
4.51001,145.884
4.52001,145.974
4.53001,146.062
4.54001,146.15
4.55001,146.237
4.56001,146.323
4.57001,146.408
4.58001,146.493
4.59001,146.577
4.60001,146.66
4.61001,146.743
4.62001,146.824
4.63001,146.905
4.64001,146.986
4.65001,147.065
4.66001,147.144
4.67001,147.222
4.68001,147.3
4.69001,147.377
4.70001,147.453
4.71001,147.528
4.72001,147.603
4.73001,147.677
4.74001,147.751
4.75001,147.823
4.76001,147.896
4.77001,147.967
4.78001,148.038
4.79001,148.108
4.80001,148.178
4.81002,148.247
4.82002,148.315
4.83002,148.383
4.84002,148.45
4.85002,148.517
4.86002,148.583
4.87002,148.648
4.88002,148.713
4.89002,148.777
4.90002,148.841
4.91002,148.904
4.92002,148.967
4.93002,149.029
4.94002,149.09
4.95002,149.151
4.96002,149.211
4.97002,149.271
4.98002,149.33
4.99002,149.389
5.00002,149.447
5.01002,149.505
5.02002,149.562
5.03002,149.619
5.04002,149.675
5.05002,149.73
5.06002,149.786
5.07002,149.84
5.08002,149.894
5.09002,149.948
5.10002,150.001
5.11002,150.054
5.12002,150.106
5.13002,150.158
5.14002,150.209
5.15002,150.26
5.16002,150.31
5.17002,150.36
5.18002,150.41
5.19002,150.459
5.20002,150.507
5.21002,150.555
5.22002,150.603
5.23002,150.65
5.24003,150.697
5.25003,150.744
5.26003,150.79
5.27003,150.835
5.28003,150.88
5.29003,150.925
5.30003,150.969
5.31003,151.013
5.32003,151.057
5.33003,151.1
5.34003,151.143
5.35003,151.185
5.36003,151.227
5.37003,151.269
5.38003,151.31
5.39003,151.351
5.40003,151.392
5.41003,151.432
5.42003,151.471
5.43003,151.511
5.44003,151.55
5.45003,151.589
5.46003,151.627
5.47003,151.665
5.48003,151.703
5.49003,151.74
5.50003,151.777
5.51003,151.813
5.52003,151.85
5.53003,151.886
5.54003,151.921
5.55003,151.957
5.56003,151.992
5.57003,152.026
5.58003,152.061
5.59003,152.095
5.60003,152.128
5.61003,152.162
5.62003,152.195
5.63003,152.228
5.64003,152.26
5.65003,152.292
5.66003,152.324
5.67003,152.356
5.68004,152.387
5.69004,152.418
5.70004,152.449
5.71004,152.48
5.72004,152.51
5.73004,152.54
5.74004,152.57
5.75004,152.599
5.76004,152.628
5.77004,152.657
5.78004,152.686
5.79004,152.714
5.80004,152.742
5.81004,152.77
5.82004,152.797
5.83004,152.825
5.84004,152.852
5.85004,152.879
5.86004,152.905
5.87004,152.931
5.88004,152.958
5.89004,152.983
5.90004,153.009
5.91004,153.034
5.92004,153.06
5.93004,153.084
5.94004,153.109
5.95004,153.134
5.96004,153.158
5.97004,153.182
5.98004,153.206
5.99004,153.229
6.00004,153.253
6.01004,153.276
6.02004,153.299
6.03004,153.321
6.04004,153.344
6.05004,153.366
6.06004,153.388
6.07004,153.41
6.08004,153.432
6.09004,153.453
6.10004,153.475
6.11004,153.496
6.12005,153.517
6.13005,153.537
6.14005,153.558
6.15005,153.578
6.16005,153.598
6.17005,153.618
6.18005,153.638
6.19005,153.658
6.20005,153.677
6.21005,153.697
6.22005,153.716
6.23005,153.734
6.24005,153.753
6.25005,153.772
6.26005,153.79
6.27005,153.808
6.28005,153.826
6.29005,153.844
6.30005,153.862
6.31005,153.88
6.32005,153.897
6.33005,153.914
6.34005,153.931
6.35005,153.948
6.36005,153.965
6.37005,153.981
6.38005,153.998
6.39005,154.014
6.40005,154.03
6.41005,154.046
6.42005,154.062
6.43005,154.078
6.44005,154.093
6.45005,154.109
6.46005,154.124
6.47005,154.139
6.48005,154.154
6.49005,154.169
6.50005,154.184
6.51005,154.198
6.52005,154.213
6.53005,154.227
6.54005,154.241
6.55006,154.255
6.56006,154.269
6.57006,154.283
6.58006,154.297
6.59006,154.31
6.60006,154.324
6.61006,154.337
6.62006,154.35
6.63006,154.363
6.64006,154.376
6.65006,154.389
6.66006,154.402
6.67006,154.414
6.68006,154.427
6.69006,154.439
6.70006,154.451
6.71006,154.464
6.72006,154.476
6.73006,154.487
6.74006,154.499
6.75006,154.511
6.76006,154.522
6.77006,154.534
6.78006,154.545
6.79006,154.557
6.80006,154.568
6.81006,154.579
6.82006,154.59
6.83006,154.601
6.84006,154.611
6.85006,154.622
6.86006,154.632
6.87006,154.643
6.88006,154.653
6.89006,154.664
6.90006,154.674
6.91006,154.684
6.92006,154.694
6.93006,154.704
6.94006,154.713
6.95006,154.723
6.96006,154.733
6.97006,154.742
6.98006,154.752
6.99007,154.761
7.00007,154.77
7.01007,154.779
7.02007,154.789
7.03007,154.798
7.04007,154.806
7.05007,154.815
7.06007,154.824
7.07007,154.833
7.08007,154.841
7.09007,154.85
7.10007,154.858
7.11007,154.867
7.12007,154.875
7.13007,154.883
7.14007,154.891
7.15007,154.899
7.16007,154.907
7.17007,154.915
7.18007,154.923
7.19007,154.931
7.20007,154.939
7.21007,154.946
7.22007,154.954
7.23007,154.961
7.24007,154.969
7.25007,154.976
7.26007,154.983
7.27007,154.99
7.28007,154.998
7.29007,155.005
7.30007,155.012
7.31007,155.019
7.32007,155.026
7.33007,155.032
7.34007,155.039
7.35007,155.046
7.36007,155.052
7.37007,155.059
7.38007,155.066
7.39007,155.072
7.40007,155.078
7.41007,155.085
7.42007,155.091
7.43008,155.097
7.44008,155.103
7.45008,155.109
7.46008,155.115
7.47008,155.121
7.48008,155.127
7.49008,155.133
7.50008,155.139
7.51008,155.145
7.52008,155.151
7.53008,155.156
7.54008,155.162
7.55008,155.167
7.56008,155.173
7.57008,155.178
7.58008,155.184
7.59008,155.189
7.60008,155.194
7.61008,155.2
7.62008,155.205
7.63008,155.21
7.64008,155.215
7.65008,155.22
7.66008,155.225
7.67008,155.23
7.68008,155.235
7.69008,155.24
7.70008,155.245
7.71008,155.25
7.72008,155.254
7.73008,155.259
7.74008,155.264
7.75008,155.268
7.76008,155.273
7.77008,155.278
7.78008,155.282
7.79008,155.286
7.80008,155.291
7.81008,155.295
7.82008,155.3
7.83008,155.304
7.84008,155.308
7.85008,155.312
7.86009,155.316
7.87009,155.321
7.88009,155.325
7.89009,155.329
7.90009,155.333
7.91009,155.337
7.92009,155.341
7.93009,155.345
7.94009,155.348
7.95009,155.352
7.96009,155.356
7.97009,155.36
7.98009,155.364
7.99009,155.367
8.00009,155.371
8.01009,155.375
8.02009,155.378
8.03009,155.382
8.04009,155.385
8.05009,155.389
8.06009,155.392
8.07009,155.396
8.08009,155.399
8.09009,155.402
8.10009,155.406
8.11009,155.409
8.12009,155.412
8.13009,155.416
8.14009,155.419
8.15009,155.422
8.16009,155.425
8.17009,155.428
8.18009,155.431
8.19009,155.434
8.20009,155.437
8.21009,155.44
8.22009,155.443
8.23009,155.446
8.24009,155.449
8.25009,155.452
8.26009,155.455
8.27009,155.458
8.28009,155.461
8.29009,155.464
8.30009,155.466
8.31009,155.469
8.3201,155.472
8.3301,155.474
8.3401,155.477
8.3501,155.48
8.3601,155.482
8.3701,155.485
8.3801,155.488
8.3901,155.49
8.4001,155.493
8.4101,155.495
8.4201,155.498
8.4301,155.5
8.4401,155.502
8.4501,155.505
8.4601,155.507
8.4701,155.51
8.4801,155.512
8.4901,155.514
8.5001,155.517
8.5101,155.519
8.5201,155.521
8.5301,155.523
8.5401,155.526
8.5501,155.528
8.5601,155.53
8.5701,155.532
8.5801,155.534
8.5901,155.536
8.6001,155.538
8.6101,155.541
8.6201,155.543
8.6301,155.545
8.6401,155.547
8.6501,155.549
8.6601,155.551
8.6701,155.553
8.6801,155.555
8.6901,155.557
8.7001,155.558
8.7101,155.56
8.7201,155.562
8.7301,155.564
8.7401,155.566
8.7501,155.568
8.76011,155.57
8.77011,155.571
8.78011,155.573
8.79011,155.575
8.80011,155.577
8.81011,155.578
8.82011,155.58
8.83011,155.582
8.84011,155.583
8.85011,155.585
8.86011,155.587
8.87011,155.588
8.88011,155.59
8.89011,155.592
8.90011,155.593
8.91011,155.595
8.92011,155.596
8.93011,155.598
8.94011,155.599
8.95011,155.601
8.96011,155.602
8.97011,155.604
8.98011,155.605
8.99011,155.607
9.00011,155.608
9.01011,155.61
9.02011,155.611
9.03011,155.612
9.04011,155.614
9.05011,155.615
9.06011,155.617
9.07011,155.618
9.08011,155.619
9.09011,155.621
9.10011,155.622
9.11011,155.623
9.12011,155.625
9.13011,155.626
9.14011,155.627
9.15011,155.628
9.16011,155.63
9.17011,155.631
9.18011,155.632
9.19011,155.633
9.20012,155.634
9.21012,155.636
9.22012,155.637
9.23012,155.638
9.24012,155.639
9.25012,155.64
9.26012,155.641
9.27012,155.643
9.28012,155.644
9.29012,155.645
9.30012,155.646
9.31012,155.647
9.32012,155.648
9.33012,155.649
9.34012,155.65
9.35012,155.651
9.36012,155.652
9.37012,155.653
9.38012,155.654
9.39012,155.655
9.40012,155.656
9.41012,155.657
9.42012,155.658
9.43012,155.659
9.44012,155.66
9.45012,155.661
9.46012,155.662
9.47012,155.663
9.48012,155.664
9.49012,155.665
9.50012,155.666
9.51012,155.667
9.52012,155.668
9.53012,155.668
9.54012,155.669
9.55012,155.67
9.56012,155.671
9.57012,155.672
9.58012,155.673
9.59012,155.674
9.60012,155.674
9.61012,155.675
9.62012,155.676
9.63013,155.677
9.64013,155.678
9.65013,155.678
9.66013,155.679
9.67013,155.68
9.68013,155.681
9.69013,155.681
9.70013,155.682
9.71013,155.683
9.72013,155.684
9.73013,155.684
9.74013,155.685
9.75013,155.686
9.76013,155.687
9.77013,155.687
9.78013,155.688
9.79013,155.689
9.80013,155.689
9.81013,155.69
9.82013,155.691
9.83013,155.691
9.84013,155.692
9.85013,155.693
9.86013,155.693
9.87013,155.694
9.88013,155.695
9.89013,155.695
9.90013,155.696
9.91013,155.697
9.92013,155.697
9.93013,155.698
9.94013,155.698
9.95013,155.699
9.96013,155.7
9.97013,155.7
9.98013,155.701
9.99013,155.701
10.0001,155.702
10.0101,155.702
10.0201,155.703
10.0301,155.704
10.0401,155.704
10.0501,155.705
10.0601,155.705
10.0701,155.706
10.0801,155.706
10.0901,155.707
10.1001,155.707
10.1101,155.708
10.1201,155.708
10.1301,155.709
10.1401,155.709
10.1501,155.71
10.1601,155.71
10.1701,155.711
10.1801,155.711
10.1901,155.712
10.2001,155.712
10.2101,155.713
10.2201,155.713
10.2301,155.714
10.2401,155.714
10.2501,155.715
10.2601,155.715
10.2701,155.715
10.2801,155.716
10.2901,155.716
10.3001,155.717
10.3101,155.717
10.3201,155.718
10.3301,155.718
10.3401,155.718
10.3501,155.719
10.3601,155.719
10.3701,155.72
10.3801,155.72
10.3901,155.721
10.4001,155.721
10.4101,155.721
10.4201,155.722
10.4301,155.722
10.4401,155.722
10.4501,155.723
10.4601,155.723
10.4701,155.724
10.4801,155.724
10.4901,155.724
10.5001,155.725
10.5101,155.725
10.5201,155.725
10.5301,155.726
10.5401,155.726
10.5501,155.726
10.5601,155.727
10.5701,155.727
10.5801,155.727
10.5901,155.728
10.6001,155.728
10.6101,155.728
10.6201,155.729
10.6301,155.729
10.6401,155.729
10.6501,155.73
10.6601,155.73
10.6701,155.73
10.6801,155.731
10.6901,155.731
10.7001,155.731
10.7101,155.732
10.7201,155.732
10.7302,155.732
10.7402,155.732
10.7502,155.733
10.7602,155.733
10.7702,155.733
10.7802,155.734
10.7902,155.734
10.8002,155.734
10.8102,155.734
10.8202,155.735
10.8302,155.735
10.8402,155.735
10.8502,155.735
10.8602,155.736
10.8702,155.736
10.8802,155.736
10.8902,155.736
10.9002,155.737
10.9102,155.737
10.9202,155.737
10.9302,155.737
10.9402,155.738
10.9502,155.738
10.9602,155.738
10.9702,155.738
10.9802,155.739
10.9902,155.739
11.0002,155.739
11.0102,155.739
11.0202,155.739
11.0302,155.74
11.0402,155.74
11.0502,155.74
11.0602,155.74
11.0702,155.741
11.0802,155.741
11.0902,155.741
11.1002,155.741
11.1102,155.741
11.1202,155.742
11.1302,155.742
11.1402,155.742
11.1502,155.742
11.1602,155.742
11.1702,155.743
11.1802,155.743
11.1902,155.743
11.2002,155.743
11.2102,155.743
11.2202,155.743
11.2302,155.744
11.2402,155.744
11.2502,155.744
11.2602,155.744
11.2702,155.744
11.2802,155.745
11.2902,155.745
11.3002,155.745
11.3102,155.745
11.3202,155.745
11.3302,155.745
11.3402,155.746
11.3502,155.746
11.3602,155.746
11.3702,155.746
11.3802,155.746
11.3902,155.746
11.4002,155.747
11.4102,155.747
11.4202,155.747
11.4302,155.747
11.4402,155.747
11.4502,155.747
11.4602,155.747
11.4702,155.748
11.4802,155.748
11.4902,155.748
11.5002,155.748
11.5102,155.748
11.5202,155.748
11.5302,155.748
11.5402,155.749
11.5502,155.749
11.5602,155.749
11.5702,155.749
11.5802,155.749
11.5902,155.749
11.6002,155.749
11.6102,155.75
11.6202,155.75
11.6302,155.75
11.6402,155.75
11.6502,155.75
11.6602,155.75
11.6702,155.75
11.6802,155.75
11.6902,155.751
11.7002,155.751
11.7102,155.751
11.7202,155.751
11.7302,155.751
11.7402,155.751
11.7502,155.751
11.7602,155.751
11.7702,155.751
11.7802,155.752
11.7902,155.752
11.8002,155.752
11.8102,155.752
11.8202,155.752
11.8302,155.752
11.8402,155.752
11.8502,155.752
11.8602,155.752
11.8702,155.753
11.8802,155.753
11.8902,155.753
11.9002,155.753
11.9102,155.753
11.9202,155.753
11.9302,155.753
11.9402,155.753
11.9502,155.753
11.9602,155.753
11.9702,155.753
11.9802,155.754
11.9902,155.754
12.0002,155.754
12.0102,155.754
12.0202,155.754
12.0302,155.754
12.0402,155.754
12.0502,155.754
12.0602,155.754
12.0702,155.754
12.0802,155.754
12.0902,155.755
12.1002,155.755
12.1102,155.755
12.1202,155.755
12.1302,155.755
12.1402,155.755
12.1502,155.755
12.1602,155.755
12.1702,155.755
12.1802,155.755
12.1902,155.755
12.2002,155.755
12.2102,155.755
12.2202,155.755
12.2302,155.756
12.2402,155.756
12.2502,155.756
12.2602,155.756
12.2702,155.756
12.2802,155.756
12.2902,155.756
12.3002,155.756
12.3102,155.756
12.3202,155.756
12.3302,155.756
12.3402,155.756
12.3502,155.756
12.3602,155.756
12.3702,155.757
12.3802,155.757
12.3902,155.757
12.4002,155.757
12.4102,155.757
12.4202,155.757
12.4302,155.757
12.4402,155.757
12.4502,155.757
12.4602,155.757
12.4702,155.757
12.4802,155.757
12.4902,155.757
12.5002,155.757
12.5102,155.757
12.5202,155.757
12.5302,155.757
12.5402,155.758
12.5502,155.758
12.5602,155.758
12.5702,155.758
12.5802,155.758
12.5902,155.758
12.6002,155.758
12.6102,155.758
12.6202,155.758
12.6302,155.758
12.6402,155.758
12.6502,155.758
12.6602,155.758
12.6702,155.758
12.6802,155.758
12.6902,155.758
12.7002,155.758
12.7102,155.758
12.7202,155.758
12.7302,155.758
12.7402,155.758
12.7502,155.759
12.7602,155.759
12.7702,155.759
12.7802,155.759
12.7902,155.759
12.8002,155.759
12.8102,155.759
12.8202,155.759
12.8302,155.759
12.8402,155.759
12.8502,155.759
12.8602,155.759
12.8702,155.759
12.8802,155.759
12.8902,155.759
12.9002,155.759
12.9102,155.759
12.9202,155.759
12.9302,155.759
12.9402,155.759
12.9502,155.759
12.9602,155.759
12.9702,155.759
12.9802,155.759
12.9902,155.76
13.0002,155.76
13.0102,155.76
13.0202,155.76
13.0302,155.76
13.0402,155.76
13.0502,155.76
13.0602,155.76
13.0702,155.76
13.0802,155.76
13.0902,155.76
13.1002,155.76
13.1102,155.76
13.1202,155.76
13.1302,155.76
13.1402,155.76
13.1502,155.76
13.1602,155.76
13.1702,155.76
13.1802,155.76
13.1902,155.76
13.2002,155.76
13.2102,155.76
13.2202,155.76
13.2302,155.76
13.2402,155.76
13.2502,155.76
13.2602,155.76
13.2702,155.76
13.2802,155.76
13.2902,155.76
13.3002,155.76
13.3102,155.76
13.3202,155.761
13.3302,155.761
13.3402,155.761
13.3502,155.761
13.3602,155.761
13.3702,155.761
13.3802,155.761
13.3902,155.761
13.4002,155.761
13.4102,155.761
13.4202,155.761
13.4302,155.761
13.4402,155.761
13.4502,155.761
13.4602,155.761
13.4702,155.761
13.4802,155.761
13.4902,155.761
13.5002,155.761
13.5102,155.761
13.5202,155.761
13.5302,155.761
13.5402,155.761
13.5502,155.761
13.5602,155.761
13.5702,155.761
13.5802,155.761
13.5902,155.761
13.6002,155.761
13.6102,155.761
13.6202,155.761
13.6302,155.761
13.6402,155.761
13.6502,155.761
13.6602,155.761
13.6702,155.761
13.6802,155.761
13.6902,155.761
13.7002,155.761
13.7102,155.761
13.7202,155.761
13.7302,155.761
13.7402,155.761
13.7502,155.761
13.7602,155.761
13.7702,155.761
13.7802,155.761
13.7902,155.761
13.8002,155.761
13.8102,155.761
13.8202,155.761
13.8302,155.761
13.8402,155.762
13.8502,155.762
13.8602,155.762
13.8702,155.762
13.8802,155.762
13.8902,155.762
13.9002,155.762
13.9102,155.762
13.9202,155.762
13.9302,155.762
13.9402,155.762
13.9502,155.762
13.9602,155.762
13.9702,155.762
13.9802,155.762
13.9902,155.762
14.0002,155.762
14.0102,155.762
14.0202,155.762
14.0302,155.762
14.0402,155.762
14.0502,155.762
14.0602,155.762
14.0702,155.762
14.0802,155.762
14.0902,155.762
14.1002,155.762
14.1102,155.762
14.1202,155.762
14.1302,155.762
14.1402,155.762
14.1502,155.762
14.1602,155.762
14.1702,155.762
14.1802,155.762
14.1902,155.762
14.2002,155.762
14.2102,155.762
14.2202,155.762
14.2302,155.762
14.2402,155.762
14.2502,155.762
14.2602,155.762
14.2702,155.762
14.2802,155.762
14.2902,155.762
14.3002,155.762
14.3102,155.762
14.3202,155.762
14.3302,155.762
14.3402,155.762
14.3502,155.762
14.3602,155.762
14.3702,155.762
14.3802,155.762
14.3902,155.762
14.4002,155.762
14.4102,155.762
14.4202,155.762
14.4302,155.762
14.4402,155.762
14.4502,155.762
14.4602,155.762
14.4702,155.762
14.4802,155.762
14.4902,155.762
14.5002,155.763
14.5102,155.763
14.5202,155.763
14.5302,155.763
14.5402,155.763
14.5502,155.763
14.5602,155.763
14.5702,155.763
14.5802,155.763
14.5902,155.763
14.6002,155.763
14.6102,155.763
14.6202,155.763
14.6302,155.763
14.6402,155.763
14.6502,155.763
14.6602,155.763
14.6702,155.763
14.6802,155.763
14.6902,155.763
14.7002,155.763
14.7102,155.763
14.7202,155.763
14.7302,155.763
14.7402,155.763
14.7502,155.763
14.7602,155.763
14.7702,155.763
14.7802,155.763
14.7902,155.763
14.8002,155.763
14.8102,155.763
14.8202,155.763
14.8302,155.763
14.8402,155.763
14.8502,155.763
14.8602,155.763
14.8702,155.763
14.8802,155.763
14.8902,155.763
14.9002,155.763
14.9102,155.763
14.9202,155.763
14.9302,155.763
14.9402,155.763
14.9502,155.763
14.9602,155.763
14.9702,155.763
14.9802,155.763
14.9902,155.763
15.0002,155.763
15.0102,155.763
15.0202,155.763
15.0302,155.763
15.0402,155.763
15.0502,155.763
15.0602,155.763
15.0702,155.763
15.0802,155.763
15.0903,155.763
15.1003,155.763
15.1103,155.763
15.1203,155.763
15.1303,155.763
15.1403,155.763
15.1503,155.763
15.1603,155.763
15.1703,155.763
15.1803,155.763
15.1903,155.763
15.2003,155.763
15.2103,155.763
15.2203,155.763
15.2303,155.763
15.2403,155.763
15.2503,155.763
15.2603,155.763
15.2703,155.763
15.2803,155.763
15.2903,155.763
15.3003,155.763
15.3103,155.763
15.3203,155.763
15.3303,155.763
15.3403,155.763
15.3503,155.763
15.3603,155.763
15.3703,155.763
15.3803,155.763
15.3903,155.763
15.4003,155.763
15.4103,155.763
15.4203,155.763
15.4303,155.763
15.4403,155.763
15.4503,155.763
15.4603,155.763
15.4703,155.763
15.4803,155.763
15.4903,155.763
15.5003,155.763
15.5103,155.763
15.5203,155.763
15.5303,155.763
15.5403,155.763
15.5503,155.763
15.5603,155.763
15.5703,155.763
15.5803,155.763
15.5903,155.763
15.6003,155.763
15.6103,155.763
15.6203,155.763
15.6303,155.763
15.6403,155.763
15.6503,155.763
15.6603,155.763
15.6703,155.763
15.6803,155.763
15.6903,155.763
15.7003,155.763
15.7103,155.763
15.7203,155.763
15.7303,155.763
15.7403,155.763
15.7503,155.763
15.7603,155.763
15.7703,155.763
15.7803,155.763
15.7903,155.763
15.8003,155.763
15.8103,155.763
15.8203,155.763
15.8303,155.763
15.8403,155.763
15.8503,155.763
15.8603,155.763
15.8703,155.763
15.8803,155.763
15.8903,155.763
15.9003,155.763
15.9103,155.763
15.9203,155.763
15.9303,155.763
15.9403,155.763
15.9503,155.763
15.9603,155.763
15.9703,155.763
15.9803,155.763
15.9903,155.763
16.0003,155.763
16.0103,155.763
16.0203,155.763
16.0303,155.763
16.0403,155.763
16.0503,155.763
16.0603,155.763
16.0703,155.763
16.0803,155.763
16.0903,155.763
16.1003,155.763
16.1103,155.763
16.1203,155.763
16.1303,155.763
16.1403,155.763
16.1503,155.763
16.1603,155.763
16.1703,155.763
16.1803,155.763
16.1903,155.763
16.2003,155.763
16.2103,155.763
16.2203,155.763
16.2303,155.763
16.2403,155.763
16.2503,155.763
16.2603,155.763
16.2703,155.763
16.2803,155.763
16.2903,155.763
16.3003,155.763
16.3103,155.763
16.3203,155.763
16.3303,155.763
16.3403,155.763
16.3503,155.763
16.3603,155.763
16.3703,155.763
16.3803,155.763
16.3903,155.763
16.4003,155.763
16.4103,155.763
16.4203,155.763
16.4303,155.763
16.4403,155.763
16.4503,155.763
16.4603,155.763
16.4703,155.763
16.4803,155.763
16.4903,155.763
16.5003,155.763
16.5103,155.763
16.5203,155.763
16.5303,155.763
16.5403,155.763
16.5503,155.763
16.5603,155.763
16.5703,155.763
16.5803,155.763
16.5903,155.763
16.6003,155.763
16.6103,155.763
16.6203,155.763
16.6303,155.763
16.6403,155.763
16.6503,155.763
16.6603,155.763
16.6703,155.763
16.6803,155.726
16.6903,155.609
16.7003,155.374
16.7103,154.996
16.7203,154.471
16.7303,153.807
16.7403,153.019
16.7503,152.126
16.7603,151.147
16.7703,150.099
16.7803,148.995
16.7903,147.848
16.8003,146.667
16.8103,145.461
16.8203,144.235
16.8303,142.995
16.8403,141.744
16.8503,140.487
16.8603,139.227
16.8703,137.965
16.8803,136.703
16.8903,135.443
16.9003,134.187
16.9103,132.935
16.9203,131.689
16.9303,130.448
16.9403,129.214
16.9503,127.988
16.9603,126.769
16.9703,125.558
16.9803,124.356
16.9903,123.162
17.0003,121.978
17.0103,120.802
17.0203,119.636
17.0303,118.479
17.0403,117.331
17.0503,116.193
17.0603,115.065
17.0703,113.946
17.0803,112.837
17.0903,111.737
17.1003,110.648
17.1103,109.568
17.1203,108.497
17.1303,107.436
17.1403,106.385
17.1503,105.344
17.1603,104.311
17.1703,103.289
17.1803,102.276
17.1903,101.272
17.2003,100.278
17.2103,99.2927
17.2203,98.3169
17.2303,97.3503
17.2403,96.3929
17.2503,95.4445
17.2603,94.505
17.2703,93.5746
17.2803,92.6529
17.2903,91.7401
17.3003,90.836
17.3103,89.9406
17.3203,89.0538
17.3303,88.1755
17.3403,87.3057
17.3503,86.4442
17.3603,85.5911
17.3703,84.7462
17.3803,83.9095
17.3903,83.0808
17.4003,82.2603
17.4103,81.4477
17.4203,80.643
17.4303,79.8461
17.4403,79.0569
17.4503,78.2755
17.4603,77.5017
17.4703,76.7354
17.4803,75.9766
17.4903,75.2252
17.5003,74.4812
17.5103,73.7445
17.5203,73.0149
17.5303,72.2925
17.5403,71.5772
17.5503,70.8689
17.5603,70.1675
17.5703,69.473
17.5803,68.7854
17.5903,68.1045
17.6003,67.4303
17.6103,66.7627
17.6203,66.1016
17.6303,65.4471
17.6403,64.799
17.6503,64.1573
17.6603,63.522
17.6703,62.8928
17.6803,62.2699
17.6903,61.6531
17.7003,61.0424
17.7103,60.4377
17.7203,59.839
17.7303,59.2462
17.7403,58.6593
17.7503,58.0781
17.7603,57.5027
17.7703,56.9329
17.7803,56.3688
17.7903,55.8103
17.8003,55.2572
17.8103,54.7097
17.8203,54.1675
17.8303,53.6308
17.8403,53.0993
17.8503,52.5731
17.8603,52.0521
17.8703,51.5362
17.8803,51.0255
17.8903,50.5198
17.9003,50.0191
17.9103,49.5233
17.9203,49.0325
17.9303,48.5466
17.9403,48.0654
17.9503,47.589
17.9603,47.1174
17.9703,46.6504
17.9803,46.188
17.9903,45.7302
18.0003,45.277
18.0103,44.8282
18.0203,44.3839
18.0303,43.944
18.0403,43.5085
18.0503,43.0773
18.0603,42.6504
18.0703,42.2277
18.0803,41.8092
18.0903,41.3948
18.1003,40.9846
18.1103,40.5784
18.1203,40.1762
18.1303,39.7781
18.1403,39.3839
18.1503,38.9936
18.1603,38.6072
18.1703,38.2246
18.1803,37.8458
18.1903,37.4708
18.2003,37.0995
18.2103,36.7319
18.2203,36.368
18.2303,36.0076
18.2403,35.6508
18.2503,35.2976
18.2603,34.9479
18.2703,34.6017
18.2803,34.2589
18.2903,33.9195
18.3003,33.5835
18.3103,33.2508
18.3203,32.9214
18.3303,32.5953
18.3403,32.2724
18.3503,31.9528
18.3603,31.6363
18.3703,31.323
18.3803,31.0128
18.3903,30.7056
18.4003,30.4016
18.4103,30.1005
18.4203,29.8024
18.4303,29.5073
18.4403,29.2152
18.4503,28.9259
18.4603,28.6395
18.4703,28.356
18.4803,28.0753
18.4903,27.7973
18.5003,27.5222
18.5103,27.2497
18.5203,26.98
18.5303,26.713
18.5403,26.4486
18.5503,26.1869
18.5603,25.9277
18.5703,25.6711
18.5803,25.4171
18.5903,25.1656
18.6003,24.9166
18.6103,24.6701
18.6203,24.4261
18.6303,24.1844
18.6403,23.9452
18.6503,23.7084
18.6603,23.4739
18.6703,23.2417
18.6803,23.0119
18.6903,22.7843
18.7003,22.559
18.7103,22.336
18.7203,22.1151
18.7303,21.8965
18.7403,21.68
18.7503,21.4657
18.7603,21.2535
18.7703,21.0435
18.7803,20.8355
18.7903,20.6296
18.8003,20.4258
18.8103,20.2239
18.8203,20.0241
18.8303,19.8263
18.8403,19.6304
18.8503,19.4365
18.8603,19.2445
18.8703,19.0545
18.8803,18.8663
18.8903,18.68
18.9003,18.4956
18.9103,18.3129
18.9203,18.1322
18.9303,17.9532
18.9403,17.7759
18.9503,17.6005
18.9603,17.4268
18.9703,17.2548
18.9803,17.0846
18.9903,16.916
19.0003,16.7491
19.0103,16.5839
19.0203,16.4203
19.0303,16.2584
19.0403,16.098
19.0503,15.9393
19.0603,15.7821
19.0703,15.6265
19.0803,15.4725
19.0903,15.32
19.1003,15.169
19.1103,15.0195
19.1203,14.8715
19.1303,14.725
19.1403,14.5799
19.1503,14.4363
19.1603,14.2941
19.1703,14.1533
19.1803,14.0139
19.1903,13.8759
19.2003,13.7393
19.2103,13.6041
19.2203,13.4701
19.2303,13.3376
19.2403,13.2063
19.2503,13.0764
19.2603,12.9477
19.2703,12.8204
19.2803,12.6943
19.2903,12.5694
19.3003,12.4458
19.3103,12.3234
19.3203,12.2023
19.3303,12.0823
19.3403,11.9636
19.3503,11.846
19.3603,11.7296
19.3703,11.6144
19.3803,11.5003
19.3903,11.3873
19.4003,11.2755
19.4103,11.1648
19.4203,11.0552
19.4303,10.9467
19.4403,10.8392
19.4503,10.7328
19.4604,10.6275
19.4704,10.5233
19.4804,10.4201
19.4904,10.3179
19.5004,10.2167
19.5104,10.1165
19.5204,10.0173
19.5304,9.91917
19.5404,9.82196
19.5504,9.72573
19.5604,9.63045
19.5704,9.53612
19.5804,9.44273
19.5904,9.35028
19.6004,9.25874
19.6104,9.16811
19.6204,9.07839
19.6304,8.98956
19.6404,8.90162
19.6504,8.81455
19.6604,8.72835
19.6704,8.64301
19.6804,8.55852
19.6904,8.47487
19.7004,8.39205
19.7104,8.31006
19.7204,8.22888
19.7304,8.14852
19.7404,8.06895
19.7504,7.99018
19.7604,7.91219
19.7704,7.83498
19.7804,7.75854
19.7904,7.68286
19.8004,7.60793
19.8104,7.53376
19.8204,7.46031
19.8304,7.38761
19.8404,7.31562
19.8504,7.24435
19.8604,7.1738
19.8704,7.10394
19.8804,7.03479
19.8904,6.96632
19.9004,6.89853
19.9104,6.83142
19.9204,6.76497
19.9304,6.69919
19.9404,6.63407
19.9504,6.56959
19.9604,6.50576
19.9704,6.44256
19.9804,6.37999
19.9904,6.31804
20.0004,6.25672
20.0104,6.196
20.0204,6.13589
20.0304,6.07637
20.0404,6.01745
20.0504,5.95912
20.0604,5.90137
20.0704,5.84419
20.0804,5.78758
20.0904,5.73154
20.1004,5.67606
20.1104,5.62112
20.1204,5.56674
20.1304,5.5129
20.1404,5.45959
20.1504,5.40682
20.1604,5.35457
20.1704,5.30284
20.1804,5.25163
20.1904,5.20092
20.2004,5.15073
20.2104,5.10103
20.2204,5.05183
20.2304,5.00311
20.2404,4.95489
20.2504,4.90714
20.2604,4.85987
20.2704,4.81307
20.2804,4.76674
20.2904,4.72086
20.3004,4.67545
20.3104,4.63049
20.3204,4.58597
20.3304,4.5419
20.3404,4.49827
20.3504,4.45508
20.3604,4.41231
20.3704,4.36997
20.3804,4.32805
20.3904,4.28655
20.4004,4.24546
20.4104,4.20479
20.4204,4.16451
20.4304,4.12464
20.4404,4.08517
20.4504,4.04609
20.4604,4.0074
20.4704,3.96909
20.4804,3.93117
20.4904,3.89362
20.5004,3.85645
20.5104,3.81965
20.5204,3.78321
20.5304,3.74714
20.5404,3.71143
20.5504,3.67607
20.5604,3.64107
20.5704,3.60641
20.5804,3.5721
20.5904,3.53813
20.6004,3.5045
20.6104,3.47121
20.6204,3.43824
20.6304,3.40561
20.6404,3.3733
20.6504,3.34131
20.6604,3.30964
20.6704,3.27829
20.6804,3.24725
20.6904,3.21652
20.7004,3.18609
20.7104,3.15597
20.7204,3.12615
20.7304,3.09662
20.7404,3.06739
20.7504,3.03845
20.7604,3.0098
20.7704,2.98144
20.7804,2.95335
20.7904,2.92555
20.8004,2.89802
20.8104,2.87077
20.8204,2.84379
20.8304,2.81708
20.8404,2.79063
20.8504,2.76445
20.8604,2.73853
20.8704,2.71287
20.8804,2.68746
20.8904,2.66231
20.9004,2.6374
20.9104,2.61275
20.9204,2.58834
20.9304,2.56417
20.9404,2.54025
20.9504,2.51656
20.9604,2.49311
20.9704,2.46989
20.9804,2.44691
20.9904,2.42415
21.0004,2.40162
21.0104,2.37931
21.0204,2.35723
21.0304,2.33537
21.0404,2.31372
21.0504,2.29229
21.0604,2.27107
21.0704,2.25007
21.0804,2.22927
21.0904,2.20868
21.1004,2.1883
21.1104,2.16812
21.1204,2.14814
21.1304,2.12836
21.1404,2.10878
21.1504,2.08939
21.1604,2.07019
21.1704,2.05119
21.1804,2.03238
21.1904,2.01375
21.2004,1.99531
21.2104,1.97705
21.2204,1.95897
21.2304,1.94108
21.2404,1.92336
21.2504,1.90582
21.2604,1.88846
21.2704,1.87126
21.2804,1.85424
21.2904,1.83739
21.3004,1.8207
21.3104,1.80419
21.3204,1.78783
21.3304,1.77164
21.3404,1.75561
21.3504,1.73974
21.3604,1.72403
21.3704,1.70848
21.3804,1.69308
21.3904,1.67783
21.4004,1.66274
21.4104,1.64779
21.4204,1.633
21.4304,1.61835
21.4404,1.60385
21.4504,1.58949
21.4604,1.57528
21.4704,1.5612
21.4804,1.54727
21.4904,1.53348
21.5004,1.51982
21.5104,1.5063
21.5204,1.49292
21.5304,1.47966
21.5404,1.46654
21.5504,1.45356
21.5604,1.4407
21.5704,1.42796
21.5804,1.41536
21.5904,1.40288
21.6004,1.39052
21.6104,1.37829
21.6204,1.36618
21.6304,1.35419
21.6404,1.34232
21.6504,1.33057
21.6604,1.31894
21.6704,1.30742
21.6804,1.29601
21.6904,1.28472
21.7004,1.27354
21.7104,1.26248
21.7204,1.25152
21.7304,1.24067
21.7404,1.22994
21.7504,1.2193
21.7604,1.20878
21.7704,1.19836
21.7804,1.18804
21.7904,1.17782
21.8004,1.16771
21.8104,1.1577
21.8204,1.14779
21.8304,1.13797
21.8404,1.12826
21.8504,1.11864
21.8604,1.10911
21.8704,1.09969
21.8804,1.09035
21.8904,1.08111
21.9004,1.07196
21.9104,1.0629
21.9204,1.05393
21.9304,1.04506
21.9404,1.03626
21.9504,1.02756
21.9604,1.01895
21.9704,1.01042
21.9804,1.00197
21.9904,0.99361
22.0004,0.985332
22.0104,0.977137
22.0204,0.969023
22.0304,0.96099
22.0404,0.953037
22.0504,0.945164
22.0604,0.937369
22.0704,0.929651
22.0804,0.92201
22.0904,0.914446
22.1004,0.906957
22.1104,0.899542
22.1204,0.892202
22.1304,0.884934
22.1404,0.877739
22.1504,0.870615
22.1604,0.863563
22.1704,0.85658
22.1804,0.849668
22.1904,0.842824
22.2004,0.836048
22.2104,0.82934
22.2204,0.822699
22.2304,0.816123
22.2404,0.809614
22.2504,0.803169
22.2604,0.796788
22.2704,0.790471
22.2804,0.784217
22.2904,0.778025
22.3004,0.771895
22.3104,0.765826
22.3204,0.759817
22.3304,0.753868
22.3404,0.747978
22.3504,0.742148
22.3604,0.736375
22.3704,0.730659
22.3804,0.725001
22.3904,0.719399
22.4004,0.713853
22.4104,0.708362
22.4204,0.702926
22.4304,0.697543
22.4404,0.692215
22.4504,0.686939
22.4604,0.681717
22.4704,0.676546
22.4804,0.671426
22.4904,0.666358
22.5004,0.66134
22.5104,0.656372
22.5204,0.651454
22.5304,0.646584
22.5404,0.641763
22.5504,0.63699
22.5604,0.632265
22.5704,0.627587
22.5804,0.622955
22.5904,0.618369
22.6004,0.613829
22.6104,0.609335
22.6204,0.604885
22.6304,0.600479
22.6404,0.596118
22.6504,0.591799
22.6604,0.587524
22.6704,0.583291
22.6804,0.579101
22.6904,0.574952
22.7004,0.570845
22.7104,0.566778
22.7204,0.562752
22.7304,0.558766
22.7404,0.55482
22.7504,0.550913
22.7604,0.547045
22.7704,0.543215
22.7804,0.539424
22.7904,0.535671
22.8004,0.531954
22.8104,0.528275
22.8204,0.524633
22.8304,0.521026
22.8404,0.517456
22.8504,0.513921
22.8604,0.510422
22.8704,0.506957
22.8804,0.503527
22.8904,0.50013
22.9004,0.496768
22.9104,0.493439
22.9204,0.490144
22.9304,0.486881
22.9404,0.483651
22.9504,0.480453
22.9604,0.477286
22.9704,0.474152
22.9804,0.471048
22.9904,0.467976
23.0004,0.464934
23.0104,0.461922
23.0204,0.45894
23.0304,0.455988
23.0404,0.453066
23.0504,0.450172
23.0604,0.447307
23.0704,0.444471
23.0804,0.441663
23.0904,0.438883
23.1004,0.436131
23.1104,0.433406
23.1204,0.430709
23.1304,0.428038
23.1404,0.425394
23.1504,0.422776
23.1604,0.420184
23.1704,0.417618
23.1804,0.415077
23.1904,0.412562
23.2004,0.410072
23.2104,0.407607
23.2204,0.405166
23.2304,0.402749
23.2404,0.400357
23.2504,0.397988
23.2604,0.395643
23.2704,0.393322
23.2804,0.391023
23.2904,0.388748
23.3004,0.386495
23.3104,0.384264
23.3204,0.382056
23.3304,0.37987
23.3404,0.377705
23.3504,0.375562
23.3604,0.37344
23.3704,0.37134
23.3804,0.36926
23.3904,0.367201
23.4004,0.365163
23.4104,0.363145
23.4204,0.361147
23.4304,0.359169
23.4404,0.35721
23.4504,0.355271
23.4604,0.353352
23.4704,0.351451
23.4804,0.34957
23.4904,0.347707
23.5004,0.345863
23.5104,0.344037
23.5204,0.342229
23.5304,0.340439
23.5404,0.338667
23.5504,0.336913
23.5604,0.335176
23.5704,0.333457
23.5804,0.331754
23.5904,0.330069
23.6004,0.3284
23.6104,0.326748
23.6204,0.325113
23.6304,0.323494
23.6404,0.32189
23.6504,0.320303
23.6604,0.318732
23.6704,0.317176
23.6804,0.315636
23.6904,0.314111
23.7004,0.312601
23.7104,0.311106
23.7204,0.309627
23.7304,0.308161
23.7404,0.306711
23.7504,0.305275
23.7604,0.303853
23.7704,0.302446
23.7804,0.301052
23.7904,0.299672
23.8004,0.298306
23.8104,0.296954
23.8204,0.295615
23.8305,0.294289
23.8405,0.292977
23.8505,0.291678
23.8605,0.290391
23.8705,0.289118
23.8805,0.287857
23.8905,0.286609
23.9005,0.285373
23.9105,0.284149
23.9205,0.282938
23.9305,0.281738
23.9405,0.280551
23.9505,0.279375
23.9605,0.278212
23.9705,0.277059
23.9805,0.275918
23.9905,0.274789
24.0005,0.273671
24.0105,0.272564
24.0205,0.271468
24.0305,0.270382
24.0405,0.269308
24.0505,0.268244
24.0605,0.267191
24.0705,0.266149
24.0805,0.265117
24.0905,0.264095
24.1005,0.263083
24.1105,0.262081
24.1205,0.26109
24.1305,0.260108
24.1405,0.259136
24.1505,0.258173
24.1605,0.257221
24.1705,0.256277
24.1805,0.255343
24.1905,0.254419
24.2005,0.253503
24.2105,0.252597
24.2205,0.2517
24.2305,0.250811
24.2405,0.249932
24.2505,0.249061
24.2605,0.248199
24.2705,0.247346
24.2805,0.246501
24.2905,0.245664
24.3005,0.244836
24.3105,0.244016
24.3205,0.243204
24.3305,0.2424
24.3405,0.241604
24.3505,0.240817
24.3605,0.240037
24.3705,0.239264
24.3805,0.2385
24.3905,0.237743
24.4005,0.236994
24.4105,0.236252
24.4205,0.235517
24.4305,0.23479
24.4405,0.23407
24.4505,0.233357
24.4605,0.232651
24.4705,0.231953
24.4805,0.231261
24.4905,0.230576
24.5005,0.229898
24.5105,0.229227
24.5205,0.228562
24.5305,0.227904
24.5405,0.227253
24.5505,0.226608
24.5605,0.225969
24.5705,0.225337
24.5805,0.224711
24.5905,0.224091
24.6005,0.223478
24.6105,0.22287
24.6205,0.222269
24.6305,0.221674
24.6405,0.221084
24.6505,0.220501
24.6605,0.219923
24.6705,0.219351
24.6805,0.218785
24.6905,0.218224
24.7005,0.217669
24.7105,0.217119
24.7205,0.216575
24.7305,0.216037
24.7405,0.215503
24.7505,0.214975
24.7605,0.214453
24.7705,0.213935
24.7805,0.213423
24.7905,0.212915
24.8005,0.212413
24.8105,0.211916
24.8205,0.211424
24.8305,0.210936
24.8405,0.210454
24.8505,0.209976
24.8605,0.209503
24.8705,0.209035
24.8805,0.208571
24.8905,0.208112
24.9005,0.207658
24.9105,0.207208
24.9205,0.206762
24.9305,0.206321
24.9405,0.205885
24.9505,0.205452
24.9605,0.205025
24.9705,0.204601
24.9805,0.204181
24.9905,0.203766
25.0005,0.203355
25.0105,0.202948
25.0205,0.202545
25.0305,0.202146
25.0405,0.201751
25.0505,0.20136
25.0605,0.200972
25.0705,0.200589
25.0805,0.200209
25.0905,0.199834
25.1005,0.199462
25.1105,0.199093
25.1205,0.198729
25.1305,0.198368
25.1405,0.19801
25.1505,0.197656
25.1605,0.197306
25.1705,0.196959
25.1805,0.196616
25.1905,0.196276
25.2005,0.195939
25.2105,0.195606
25.2205,0.195276
25.2305,0.194949
25.2405,0.194626
25.2505,0.194305
25.2605,0.193988
25.2705,0.193675
25.2805,0.193364
25.2905,0.193056
25.3005,0.192752
25.3105,0.19245
25.3205,0.192152
25.3305,0.191856
25.3405,0.191563
25.3505,0.191274
25.3605,0.190987
25.3705,0.190703
25.3805,0.190422
25.3905,0.190143
25.4005,0.189868
25.4105,0.189595
25.4205,0.189325
25.4305,0.189057
25.4405,0.188793
25.4505,0.18853
25.4605,0.188271
25.4705,0.188014
25.4805,0.18776
25.4905,0.187508
25.5005,0.187258
25.5105,0.187011
25.5205,0.186767
25.5305,0.186525
25.5405,0.186285
25.5505,0.186048
25.5605,0.185813
25.5705,0.185581
25.5805,0.185351
25.5905,0.185123
25.6005,0.184897
25.6105,0.184674
25.6205,0.184453
25.6305,0.184234
25.6405,0.184017
25.6505,0.183802
25.6605,0.18359
25.6705,0.183379
25.6805,0.183171
25.6905,0.182965
25.7005,0.182761
25.7105,0.182559
25.7205,0.182359
25.7305,0.18216
25.7405,0.181964
25.7505,0.18177
25.7605,0.181578
25.7705,0.181388
25.7805,0.181199
25.7905,0.181013
25.8005,0.180828
25.8105,0.180645
25.8205,0.180464
25.8305,0.180285
25.8405,0.180107
25.8505,0.179931
25.8605,0.179757
25.8705,0.179585
25.8805,0.179415
25.8905,0.179246
25.9005,0.179079
25.9105,0.178913
25.9205,0.178749
25.9305,0.178587
25.9405,0.178427
25.9505,0.178268
25.9605,0.17811
25.9705,0.177954
25.9805,0.1778
25.9905,0.177647
26.0005,0.177496
26.0105,0.177346
26.0205,0.177198
26.0305,0.177051
26.0405,0.176906
26.0505,0.176762
26.0605,0.17662
26.0705,0.176479
26.0805,0.176339
26.0905,0.176201
26.1005,0.176064
26.1105,0.175929
26.1205,0.175794
26.1305,0.175662
26.1405,0.17553
26.1505,0.1754
26.1605,0.175271
26.1705,0.175144
26.1805,0.175017
26.1905,0.174892
26.2005,0.174768
26.2105,0.174646
26.2205,0.174524
26.2305,0.174404
26.2405,0.174285
26.2505,0.174167
26.2605,0.174051
26.2705,0.173935
26.2805,0.173821
26.2905,0.173708
26.3005,0.173596
26.3105,0.173485
26.3205,0.173375
26.3305,0.173266
26.3405,0.173159
26.3505,0.173052
26.3605,0.172947
26.3705,0.172842
26.3805,0.172739
26.3905,0.172636
26.4005,0.172535
26.4105,0.172435
26.4205,0.172335
26.4305,0.172237
26.4405,0.172139
26.4505,0.172043
26.4605,0.171948
26.4705,0.171853
26.4805,0.171759
26.4905,0.171667
26.5005,0.171575
26.5105,0.171484
26.5205,0.171394
26.5305,0.171305
26.5405,0.171217
26.5505,0.17113
26.5605,0.171043
26.5705,0.170958
26.5805,0.170873
26.5905,0.170789
26.6005,0.170706
26.6105,0.170624
26.6205,0.170543
26.6305,0.170462
26.6405,0.170383
26.6505,0.170304
26.6605,0.170225
26.6705,0.170148
26.6805,0.170071
26.6905,0.169996
26.7005,0.16992
26.7105,0.169846
26.7205,0.169772
26.7305,0.1697
26.7405,0.169627
26.7505,0.169556
26.7605,0.169485
26.7705,0.169415
26.7805,0.169346
26.7905,0.169277
26.8005,0.169209
26.8105,0.169142
26.8205,0.169075
26.8305,0.169009
26.8405,0.168944
26.8505,0.168879
26.8605,0.168815
26.8705,0.168752
26.8805,0.168689
26.8905,0.168627
26.9005,0.168566
26.9105,0.168505
26.9205,0.168445
26.9305,0.168385
26.9405,0.168326
26.9505,0.168267
26.9605,0.168209
26.9705,0.168152
26.9805,0.168095
26.9905,0.168039
27.0005,0.167983
27.0105,0.167928
27.0205,0.167874
27.0305,0.16782
27.0405,0.167766
27.0505,0.167713
27.0605,0.167661
27.0705,0.167609
27.0805,0.167558
27.0905,0.167507
27.1005,0.167457
27.1105,0.167407
27.1205,0.167357
27.1305,0.167309
27.1405,0.16726
27.1505,0.167212
27.1605,0.167165
27.1705,0.167118
27.1805,0.167071
27.1905,0.167025
27.2005,0.16698
27.2105,0.166935
27.2205,0.16689
27.2305,0.166846
27.2405,0.166802
27.2505,0.166759
27.2605,0.166716
27.2705,0.166673
27.2805,0.166631
27.2905,0.16659
27.3005,0.166548
27.3105,0.166508
27.3205,0.166467
27.3305,0.166427
27.3405,0.166388
27.3505,0.166348
27.3605,0.166309
27.3705,0.166271
27.3805,0.166233
27.3905,0.166195
27.4005,0.166158
27.4105,0.166121
27.4205,0.166084
27.4305,0.166048
27.4405,0.166012
27.4505,0.165977
27.4605,0.165942
27.4705,0.165907
27.4805,0.165873
27.4905,0.165838
27.5005,0.165805
27.5105,0.165771
27.5205,0.165738
27.5305,0.165705
27.5405,0.165673
27.5505,0.165641
27.5605,0.165609
27.5705,0.165578
27.5805,0.165546
27.5905,0.165516
27.6005,0.165485
27.6105,0.165455
27.6205,0.165425
27.6305,0.165395
27.6405,0.165366
27.6505,0.165337
27.6605,0.165308
27.6705,0.16528
27.6805,0.165251
27.6905,0.165223
27.7005,0.165196
27.7105,0.165168
27.7205,0.165141
27.7305,0.165115
27.7405,0.165088
27.7505,0.165062
27.7605,0.165036
27.7705,0.16501
27.7805,0.164984
27.7905,0.164959
27.8005,0.164934
27.8105,0.164909
27.8205,0.164885
27.8305,0.164861
27.8405,0.164837
27.8505,0.164813
27.8605,0.164789
27.8705,0.164766
27.8805,0.164743
27.8905,0.16472
27.9005,0.164697
27.9105,0.164675
27.9205,0.164653
27.9305,0.164631
27.9405,0.164609
27.9505,0.164587
27.9605,0.164566
27.9705,0.164545
27.9805,0.164524
27.9905,0.164503
28.0005,0.164483
28.0105,0.164463
28.0205,0.164443
28.0305,0.164423
28.0405,0.164403
28.0505,0.164384
28.0605,0.164364
28.0705,0.164345
28.0805,0.164326
28.0905,0.164308
28.1005,0.164289
28.1105,0.164271
28.1205,0.164253
28.1305,0.164235
28.1405,0.164217
28.1505,0.164199
28.1605,0.164182
28.1705,0.164164
28.1805,0.164147
28.1905,0.16413
28.2006,0.164114
28.2106,0.164097
28.2206,0.164081
28.2306,0.164064
28.2406,0.164048
28.2506,0.164032
28.2606,0.164016
28.2706,0.164001
28.2806,0.163985
28.2906,0.16397
28.3006,0.163955
28.3106,0.16394
28.3206,0.163925
28.3306,0.16391
28.3406,0.163896
28.3506,0.163881
28.3606,0.163867
28.3706,0.163853
28.3806,0.163839
28.3906,0.163825
28.4006,0.163811
28.4106,0.163798
28.4206,0.163784
28.4306,0.163771
28.4406,0.163758
28.4506,0.163744
28.4606,0.163732
28.4706,0.163719
28.4806,0.163706
28.4906,0.163694
28.5006,0.163681
28.5106,0.163669
28.5206,0.163657
28.5306,0.163645
28.5406,0.163633
28.5506,0.163621
28.5606,0.163609
28.5706,0.163598
28.5806,0.163586
28.5906,0.163575
28.6006,0.163563
28.6106,0.163552
28.6206,0.163541
28.6306,0.16353
28.6406,0.16352
28.6506,0.163509
28.6606,0.163498
28.6706,0.163488
28.6806,0.163477
28.6906,0.163467
28.7006,0.163457
28.7106,0.163447
28.7206,0.163437
28.7306,0.163427
28.7406,0.163417
28.7506,0.163408
28.7606,0.163398
28.7706,0.163388
28.7806,0.163379
28.7906,0.16337
28.8006,0.163361
28.8106,0.163351
28.8206,0.163342
28.8306,0.163333
28.8406,0.163325
28.8506,0.163316
28.8606,0.163307
28.8706,0.163299
28.8806,0.16329
28.8906,0.163282
28.9006,0.163273
28.9106,0.163265
28.9206,0.163257
28.9306,0.163249
28.9406,0.163241
28.9506,0.163233
28.9606,0.163225
28.9706,0.163217
28.9806,0.16321
28.9906,0.163202
29.0006,0.163194
29.0106,0.163187
29.0206,0.16318
29.0306,0.163172
29.0406,0.163165
29.0506,0.163158
29.0606,0.163151
29.0706,0.163144
29.0806,0.163137
29.0906,0.16313
29.1006,0.163123
29.1106,0.163116
29.1206,0.16311
29.1306,0.163103
29.1406,0.163096
29.1506,0.16309
29.1606,0.163084
29.1706,0.163077
29.1806,0.163071
29.1906,0.163065
29.2006,0.163058
29.2106,0.163052
29.2206,0.163046
29.2306,0.16304
29.2406,0.163034
29.2506,0.163029
29.2606,0.163023
29.2706,0.163017
29.2806,0.163011
29.2906,0.163006
29.3006,0.163
29.3106,0.162995
29.3206,0.162989
29.3306,0.162984
29.3406,0.162978
29.3506,0.162973
29.3606,0.162968
29.3706,0.162962
29.3806,0.162957
29.3906,0.162952
29.4006,0.162947
29.4106,0.162942
29.4206,0.162937
29.4306,0.162932
29.4406,0.162927
29.4506,0.162923
29.4606,0.162918
29.4706,0.162913
29.4806,0.162908
29.4906,0.162904
29.5006,0.162899
29.5106,0.162895
29.5206,0.16289
29.5306,0.162886
29.5406,0.162881
29.5506,0.162877
29.5606,0.162873
29.5706,0.162868
29.5806,0.162864
29.5906,0.16286
29.6006,0.162856
29.6106,0.162852
29.6206,0.162848
29.6306,0.162844
29.6406,0.16284
29.6506,0.162836
29.6606,0.162832
29.6706,0.162828
29.6806,0.162824
29.6906,0.162821
29.7006,0.162817
29.7106,0.162813
29.7206,0.162809
29.7306,0.162806
29.7406,0.162802
29.7506,0.162799
29.7606,0.162795
29.7706,0.162792
29.7806,0.162788
29.7906,0.162785
29.8006,0.162781
29.8106,0.162778
29.8206,0.162775
29.8306,0.162771
29.8406,0.162768
29.8506,0.162765
29.8606,0.162762
29.8706,0.162758
29.8806,0.162755
29.8906,0.162752
29.9006,0.162749
29.9106,0.162746
29.9206,0.162743
29.9306,0.16274
29.9406,0.162737
29.9506,0.162734
29.9606,0.162731
29.9706,0.162729
29.9806,0.162726
29.9906,0.162723
30.0006,0.16272
30.0106,0.162717
30.0206,0.162715
30.0306,0.162712
30.0406,0.162709
30.0506,0.162707
30.0606,0.162704
30.0706,0.162701
30.0806,0.162699
30.0906,0.162696
30.1006,0.162694
30.1106,0.162691
30.1206,0.162689
30.1306,0.162686
30.1406,0.162684
30.1506,0.162682
30.1606,0.162679
30.1706,0.162677
30.1806,0.162675
30.1906,0.162672
30.2006,0.16267
30.2106,0.162668
30.2206,0.162666
30.2306,0.162663
30.2406,0.162661
30.2506,0.162659
30.2606,0.162657
30.2706,0.162655
30.2806,0.162653
30.2906,0.162651
30.3006,0.162648
30.3106,0.162646
30.3206,0.162644
30.3306,0.162642
30.3406,0.16264
30.3506,0.162638
30.3606,0.162637
30.3706,0.162635
30.3806,0.162633
30.3906,0.162631
30.4006,0.162629
30.4106,0.162627
30.4206,0.162625
30.4306,0.162624
30.4406,0.162622
30.4506,0.16262
30.4606,0.162618
30.4706,0.162616
30.4806,0.162615
30.4906,0.162613
30.5006,0.162611
30.5106,0.16261
30.5206,0.162608
30.5306,0.162606
30.5406,0.162605
30.5506,0.162603
30.5606,0.162602
30.5706,0.1626
30.5806,0.162599
30.5906,0.162597
30.6006,0.162595
30.6106,0.162594
30.6206,0.162592
30.6306,0.162591
30.6406,0.16259
30.6506,0.162588
30.6606,0.162587
30.6706,0.162585
30.6806,0.162584
30.6906,0.162582
30.7006,0.162581
30.7106,0.16258
30.7206,0.162578
30.7306,0.162577
30.7406,0.162576
30.7506,0.162574
30.7606,0.162573
30.7706,0.162572
30.7806,0.162571
30.7906,0.162569
30.8006,0.162568
30.8106,0.162567
30.8206,0.162566
30.8306,0.162564
30.8406,0.162563
30.8506,0.162562
30.8606,0.162561
30.8706,0.16256
30.8806,0.162558
30.8906,0.162557
30.9006,0.162556
30.9106,0.162555
30.9206,0.162554
30.9306,0.162553
30.9406,0.162552
30.9506,0.162551
30.9606,0.16255
30.9706,0.162549
30.9806,0.162548
30.9906,0.162547
31.0006,0.162546
31.0106,0.162545
31.0206,0.162544
31.0306,0.162543
31.0406,0.162542
31.0506,0.162541
31.0606,0.16254
31.0706,0.162539
31.0806,0.162538
31.0906,0.162537
31.1006,0.162536
31.1106,0.162535
31.1206,0.162534
31.1306,0.162533
31.1406,0.162532
31.1506,0.162531
31.1606,0.162531
31.1706,0.16253
31.1806,0.162529
31.1906,0.162528
31.2006,0.162527
31.2106,0.162526
31.2206,0.162526
31.2306,0.162525
31.2406,0.162524
31.2506,0.162523
31.2606,0.162522
31.2706,0.162522
31.2806,0.162521
31.2906,0.16252
31.3006,0.162519
31.3106,0.162519
31.3206,0.162518
31.3306,0.162517
31.3406,0.162516
31.3506,0.162516
31.3606,0.162515
31.3706,0.162514
31.3806,0.162513
31.3906,0.162513
31.4006,0.162512
31.4106,0.162511
31.4206,0.162511
31.4306,0.16251
31.4406,0.162509
31.4506,0.162509
31.4606,0.162508
31.4706,0.162508
31.4806,0.162507
31.4906,0.162506
31.5006,0.162506
31.5106,0.162505
31.5206,0.162504
31.5306,0.162504
31.5406,0.162503
31.5506,0.162503
31.5606,0.162502
31.5706,0.162501
31.5806,0.162501
31.5906,0.1625
31.6006,0.1625
31.6106,0.162499
31.6206,0.162499
31.6306,0.162498
31.6406,0.162498
31.6506,0.162497
31.6606,0.162497
31.6706,0.162496
31.6806,0.162496
31.6906,0.162495
31.7006,0.162495
31.7106,0.162494
31.7206,0.162494
31.7306,0.162493
31.7406,0.162493
31.7506,0.162492
31.7606,0.162492
31.7706,0.162491
31.7806,0.162491
31.7906,0.16249
31.8006,0.16249
31.8106,0.162489
31.8206,0.162489
31.8306,0.162488
31.8406,0.162488
31.8506,0.162488
31.8606,0.162487
31.8706,0.162487
31.8806,0.162486
31.8906,0.162486
31.9006,0.162485
31.9106,0.162485
31.9206,0.162485
31.9306,0.162484
31.9406,0.162484
31.9506,0.162483
31.9606,0.162483
31.9706,0.162483
31.9806,0.162482
31.9906,0.162482
32.0006,0.162482
32.0106,0.162481
32.0206,0.162481
32.0306,0.16248
32.0406,0.16248
32.0506,0.16248
32.0606,0.162479
32.0706,0.162479
32.0806,0.162479
32.0906,0.162478
32.1006,0.162478
32.1106,0.162478
32.1206,0.162477
32.1306,0.162477
32.1406,0.162477
32.1506,0.162476
32.1606,0.162476
32.1706,0.162476
32.1806,0.162475
32.1906,0.162475
32.2006,0.162475
32.2106,0.162474
32.2206,0.162474
32.2306,0.162474
32.2406,0.162474
32.2506,0.162473
32.2606,0.162473
32.2706,0.162473
32.2806,0.162472
32.2906,0.162472
32.3006,0.162472
32.3106,0.162472
32.3206,0.162471
32.3306,0.162471
32.3406,0.162471
32.3506,0.162471
32.3606,0.16247
32.3706,0.16247
32.3806,0.16247
32.3906,0.16247
32.4006,0.162469
32.4106,0.162469
32.4206,0.162469
32.4306,0.162469
32.4406,0.162468
32.4506,0.162468
32.4606,0.162468
32.4706,0.162468
32.4806,0.162467
32.4906,0.162467
32.5006,0.162467
32.5106,0.162467
32.5205,0.162466
32.5305,0.162466
32.5405,0.162466
32.5505,0.162466
32.5605,0.162466
32.5705,0.162465
32.5805,0.162465
32.5905,0.162465
32.6005,0.162465
32.6105,0.162465
32.6205,0.162464
32.6305,0.162464
32.6405,0.162464
32.6505,0.162464
32.6605,0.162464
32.6705,0.162463
32.6805,0.162463
32.6905,0.162463
32.7005,0.162463
32.7105,0.162463
32.7205,0.162462
32.7305,0.162462
32.7405,0.162462
32.7505,0.162462
32.7605,0.162462
32.7705,0.162462
32.7805,0.162461
32.7905,0.162461
32.8005,0.162461
32.8105,0.162461
32.8205,0.162461
32.8305,0.162461
32.8405,0.16246
32.8505,0.16246
32.8605,0.16246
32.8705,0.16246
32.8805,0.16246
32.8905,0.16246
32.9005,0.16246
32.9105,0.162459
32.9205,0.162459
32.9305,0.162459
32.9405,0.162459
32.9505,0.162459
32.9605,0.162459
32.9705,0.162458
32.9805,0.162458
32.9905,0.162458
33.0005,0.162458
33.0105,0.162458
33.0205,0.162458
33.0305,0.162458
33.0405,0.162458
33.0505,0.162457
33.0605,0.162457
33.0705,0.162457
33.0805,0.162457
33.0905,0.162457
33.1005,0.162457
33.1105,0.162457
33.1204,0.162457
33.1304,0.162456
33.1404,0.162456
33.1504,0.162456
33.1604,0.162456
33.1704,0.162456
33.1804,0.162456
33.1904,0.162456
33.2004,0.162456
33.2104,0.162456
33.2204,0.162455
33.2304,0.162455
33.2404,0.162455
33.2504,0.162455
33.2604,0.162455
33.2704,0.162455
33.2804,0.162455
33.2904,0.162455
33.3004,0.162455
33.3104,0.162454
33.3204,0.162454
33.3304,0.162454
33.3404,0.162454
33.3504,0.16246
33.3604,0.162471
33.3704,0.162488
33.3804,0.16251
33.3904,0.162537
33.4004,0.16257
33.4104,0.162608
33.4204,0.162651
33.4304,0.162699
33.4404,0.162752
33.4504,0.162809
33.4604,0.162872
33.4704,0.162939
33.4804,0.163011
33.4904,0.163088
33.5004,0.163169
33.5104,0.163254
33.5204,0.163344
33.5304,0.163438
33.5404,0.163536
33.5504,0.163638
33.5604,0.163745
33.5704,0.163855
33.5804,0.163969
33.5904,0.164087
33.6004,0.164209
33.6104,0.164335
33.6204,0.164464
33.6304,0.164597
33.6404,0.164734
33.6504,0.164874
33.6604,0.165017
33.6704,0.165164
33.6804,0.165314
33.6904,0.165467
33.7004,0.165624
33.7104,0.165783
33.7203,0.165946
33.7303,0.166112
33.7403,0.16628
33.7503,0.166452
33.7603,0.166626
33.7703,0.166804
33.7803,0.166984
33.7903,0.167166
33.8003,0.167352
33.8103,0.16754
33.8203,0.16773
33.8303,0.167923
33.8403,0.168119
33.8503,0.168317
33.8603,0.168517
33.8703,0.16872
33.8803,0.168924
33.8903,0.169132
33.9003,0.169341
33.9103,0.169552
33.9203,0.169766
33.9303,0.169981
33.9403,0.170199
33.9503,0.170418
33.9603,0.17064
33.9703,0.170863
33.9803,0.171088
33.9903,0.171315
34.0003,0.171544
34.0103,0.171775
34.0203,0.172007
34.0303,0.172241
34.0403,0.172476
34.0503,0.172713
34.0603,0.172952
34.0703,0.173192
34.0803,0.173434
34.0903,0.173677
34.1003,0.173922
34.1103,0.174167
34.1203,0.174415
34.1303,0.174663
34.1403,0.174913
34.1503,0.175164
34.1603,0.175417
34.1703,0.17567
34.1803,0.175925
34.1903,0.176181
34.2003,0.176438
34.2103,0.176696
34.2203,0.176955
34.2303,0.177215
34.2403,0.177476
34.2503,0.177738
34.2603,0.178002
34.2703,0.178265
34.2803,0.17853
34.2903,0.178796
34.3003,0.179063
34.3102,0.17933
34.3202,0.179598
34.3302,0.179867
34.3402,0.180137
34.3502,0.180407
34.3602,0.180679
34.3702,0.18095
34.3802,0.181223
34.3902,0.181496
34.4002,0.18177
34.4102,0.182044
34.4202,0.182319
34.4302,0.182595
34.4402,0.182871
34.4502,0.183147
34.4602,0.183424
34.4702,0.183702
34.4802,0.18398
34.4902,0.184258
34.5002,0.184537
34.5102,0.184816
34.5202,0.185096
34.5302,0.185376
34.5402,0.185656
34.5502,0.185937
34.5602,0.186218
34.5702,0.186499
34.5802,0.18678
34.5902,0.187062
34.6002,0.187344
34.6102,0.187627
34.6202,0.187909
34.6302,0.188192
34.6402,0.188475
34.6502,0.188758
34.6602,0.189041
34.6702,0.189325
34.6802,0.189609
34.6902,0.189892
34.7002,0.190176
34.7102,0.19046
34.7202,0.190744
34.7302,0.191028
34.7402,0.191312
34.7502,0.191597
34.7602,0.191881
34.7702,0.192165
34.7802,0.19245
34.7902,0.192734
34.8002,0.193018
34.8102,0.193303
34.8202,0.193587
34.8302,0.193871
34.8402,0.194155
34.8502,0.194439
34.8602,0.194724
34.8702,0.195008
34.8802,0.195291
34.8902,0.195575
34.9002,0.195859
34.9101,0.196143
34.9201,0.196426
34.9301,0.196709
34.9401,0.196993
34.9501,0.197276
34.9601,0.197559
34.9701,0.197841
34.9801,0.198124
34.9901,0.198406
35.0001,0.198688
35.0101,0.19897
35.0201,0.199252
35.0301,0.199534
35.0401,0.199815
35.0501,0.200096
35.0601,0.200377
35.0701,0.200658
35.0801,0.200938
35.0901,0.201219
35.1001,0.201499
35.1101,0.201778
35.1201,0.202058
35.1301,0.202337
35.1401,0.202616
35.1501,0.202894
35.1601,0.203172
35.1701,0.20345
35.1801,0.203728
35.1901,0.204005
35.2001,0.204282
35.2101,0.204559
35.2201,0.204836
35.2301,0.205112
35.2401,0.205387
35.2501,0.205663
35.2601,0.205938
35.2701,0.206213
35.2801,0.206487
35.2901,0.206761
35.3001,0.207035
35.3101,0.207308
35.3201,0.207581
35.3301,0.207853
35.3401,0.208126
35.3501,0.208397
35.3601,0.208669
35.3701,0.20894
35.3801,0.20921
35.3901,0.209481
35.4001,0.20975
35.4101,0.21002
35.4201,0.210289
35.4301,0.210558
35.4401,0.210826
35.4501,0.211094
35.4601,0.211361
35.4701,0.211628
35.4801,0.211894
35.4901,0.212161
35.5,0.212426
35.51,0.212692
35.52,0.212956
35.53,0.213221
35.54,0.213485
35.55,0.213748
35.56,0.214011
35.57,0.214274
35.58,0.214536
35.59,0.214798
35.6,0.215059
35.61,0.21532
35.62,0.21558
35.63,0.21584
35.64,0.2161
35.65,0.216359
35.66,0.216617
35.67,0.216876
35.68,0.217133
35.69,0.21739
35.7,0.217647
35.71,0.217903
35.72,0.218159
35.73,0.218414
35.74,0.218669
35.75,0.218924
35.76,0.219177
35.77,0.219431
35.78,0.219684
35.79,0.219936
35.8,0.220188
35.81,0.22044
35.82,0.220691
35.83,0.220941
35.84,0.221191
35.85,0.221441
35.86,0.22169
35.87,0.221938
35.88,0.222186
35.89,0.222434
35.9,0.222681
35.91,0.222928
35.92,0.223174
35.93,0.223419
35.94,0.223665
35.95,0.223909
35.96,0.224153
35.97,0.224397
35.98,0.22464
35.99,0.224883
36,0.225125
36.01,0.225367
36.02,0.225608
36.03,0.225849
36.04,0.226089
36.05,0.226329
36.06,0.226568
36.07,0.226807
36.08,0.227045
36.09,0.227282
36.0999,0.22752
36.1099,0.227756
36.1199,0.227993
36.1299,0.228228
36.1399,0.228464
36.1499,0.228698
36.1599,0.228933
36.1699,0.229166
36.1799,0.2294
36.1899,0.229632
36.1999,0.229865
36.2099,0.230097
36.2199,0.230328
36.2299,0.230559
36.2399,0.230789
36.2499,0.231019
36.2599,0.231248
36.2699,0.231477
36.2799,0.231705
36.2899,0.231933
36.2999,0.23216
36.3099,0.232387
36.3199,0.232613
36.3299,0.232839
36.3399,0.233064
36.3499,0.233289
36.3599,0.233514
36.3699,0.233738
36.3799,0.233961
36.3899,0.234184
36.3999,0.234406
36.4099,0.234628
36.4199,0.234849
36.4299,0.23507
36.4399,0.235291
36.4499,0.235511
36.4599,0.23573
36.4699,0.235949
36.4799,0.236168
36.4899,0.236386
36.4999,0.236603
36.5099,0.23682
36.5199,0.237037
36.5299,0.237253
36.5399,0.237468
36.5499,0.237683
36.5599,0.237898
36.5699,0.238112
36.5799,0.238326
36.5899,0.238539
36.5999,0.238751
36.6099,0.238964
36.6199,0.239175
36.6299,0.239386
36.6399,0.239597
36.6499,0.239807
36.6599,0.240017
36.6699,0.240227
36.6799,0.240435
36.6898,0.240644
36.6998,0.240852
36.7098,0.241059
36.7198,0.241266
36.7298,0.241472
36.7398,0.241678
36.7498,0.241884
36.7598,0.242089
36.7698,0.242294
36.7798,0.242498
36.7898,0.242701
36.7998,0.242905
36.8098,0.243107
36.8198,0.24331
36.8298,0.243511
36.8398,0.243713
36.8498,0.243914
36.8598,0.244114
36.8698,0.244314
36.8798,0.244513
36.8898,0.244712
36.8998,0.244911
36.9098,0.245109
36.9198,0.245307
36.9298,0.245504
36.9398,0.245701
36.9498,0.245897
36.9598,0.246093
36.9698,0.246288
36.9798,0.246483
36.9898,0.246678
36.9998,0.246872
37.0098,0.247065
37.0198,0.247258
37.0298,0.247451
37.0398,0.247643
37.0498,0.247835
37.0598,0.248026
37.0698,0.248217
37.0798,0.248408
37.0898,0.248598
37.0998,0.248787
37.1098,0.248976
37.1198,0.249165
37.1298,0.249353
37.1398,0.249541
37.1498,0.249729
37.1598,0.249915
37.1698,0.250102
37.1798,0.250288
37.1898,0.250474
37.1998,0.250659
37.2098,0.250844
37.2198,0.251028
37.2298,0.251212
37.2398,0.251395
37.2498,0.251578
37.2598,0.251761
37.2698,0.251943
37.2798,0.252125
37.2897,0.252306
37.2997,0.252487
37.3097,0.252668
37.3197,0.252848
37.3297,0.253027
37.3397,0.253207
37.3497,0.253386
37.3597,0.253564
37.3697,0.253742
37.3797,0.253919
37.3897,0.254097
37.3997,0.254273
37.4097,0.25445
37.4197,0.254626
37.4297,0.254801
37.4397,0.254976
37.4497,0.255151
37.4597,0.255325
37.4697,0.255499
37.4797,0.255672
37.4897,0.255845
37.4997,0.256018
37.5097,0.25619
37.5197,0.256362
37.5297,0.256534
37.5397,0.256705
37.5497,0.256875
37.5597,0.257045
37.5697,0.257215
37.5797,0.257385
37.5897,0.257554
37.5997,0.257722
37.6097,0.257891
37.6197,0.258058
37.6297,0.258226
37.6397,0.258393
37.6497,0.25856
37.6597,0.258726
37.6697,0.258892
37.6797,0.259057
37.6897,0.259222
37.6997,0.259387
37.7097,0.259551
37.7197,0.259715
37.7297,0.259879
37.7397,0.260042
37.7497,0.260205
37.7597,0.260367
37.7697,0.260529
37.7797,0.260691
37.7897,0.260852
37.7997,0.261013
37.8097,0.261174
37.8197,0.261334
37.8297,0.261493
37.8397,0.261653
37.8497,0.261812
37.8597,0.261971
37.8697,0.262129
37.8797,0.262287
37.8896,0.262444
37.8996,0.262601
37.9096,0.262758
37.9196,0.262915
37.9296,0.263071
37.9396,0.263226
37.9496,0.263382
37.9596,0.263537
37.9696,0.263691
37.9796,0.263845
37.9896,0.263999
37.9996,0.264153
38.0096,0.264306
38.0196,0.264459
38.0296,0.264611
38.0396,0.264763
38.0496,0.264915
38.0596,0.265066
38.0696,0.265217
38.0796,0.265368
38.0896,0.265518
38.0996,0.265668
38.1096,0.265818
38.1196,0.265967
38.1296,0.266116
38.1396,0.266264
38.1496,0.266413
38.1596,0.26656
38.1696,0.266708
38.1796,0.266855
38.1896,0.267002
38.1996,0.267148
38.2096,0.267295
38.2196,0.26744
38.2296,0.267586
38.2396,0.267731
38.2496,0.267876
38.2596,0.26802
38.2696,0.268164
38.2796,0.268308
38.2896,0.268451
38.2996,0.268594
38.3096,0.268737
38.3196,0.26888
38.3296,0.269022
38.3396,0.269163
38.3496,0.269305
38.3596,0.269446
38.3696,0.269587
38.3796,0.269727
38.3896,0.269867
38.3996,0.270007
38.4096,0.270146
38.4196,0.270285
38.4296,0.270424
38.4396,0.270563
38.4496,0.270701
38.4596,0.270839
38.4696,0.270976
38.4795,0.271113
38.4895,0.27125
38.4995,0.271387
38.5095,0.271523
38.5195,0.271659
38.5295,0.271794
38.5395,0.27193
38.5495,0.272065
38.5595,0.272199
38.5695,0.272333
38.5795,0.272467
38.5895,0.272601
38.5995,0.272735
38.6095,0.272868
38.6195,0.273
38.6295,0.273133
38.6395,0.273265
38.6495,0.273397
38.6595,0.273528
38.6695,0.273659
38.6795,0.27379
38.6895,0.273921
38.6995,0.274051
38.7095,0.274181
38.7195,0.274311
38.7295,0.27444
38.7395,0.274569
38.7495,0.274698
38.7595,0.274827
38.7695,0.274955
38.7795,0.275083
38.7895,0.27521
38.7995,0.275338
38.8095,0.275465
38.8195,0.275591
38.8295,0.275718
38.8395,0.275844
38.8495,0.27597
38.8595,0.276095
38.8695,0.276221
38.8795,0.276345
38.8895,0.27647
38.8995,0.276594
38.9095,0.276719
38.9195,0.276842
38.9295,0.276966
38.9395,0.277089
38.9495,0.277212
38.9595,0.277335
38.9695,0.277457
38.9795,0.277579
38.9895,0.277701
38.9995,0.277822
39.0095,0.277944
39.0195,0.278065
39.0295,0.278185
39.0395,0.278306
39.0495,0.278426
39.0595,0.278546
39.0695,0.278665
39.0794,0.278784
39.0894,0.278903
39.0994,0.279022
39.1094,0.279141
39.1194,0.279259
39.1294,0.279377
39.1394,0.279494
39.1494,0.279612
39.1594,0.279729
39.1694,0.279846
39.1794,0.279962
39.1894,0.280078
39.1994,0.280194
39.2094,0.28031
39.2194,0.280426
39.2294,0.280541
39.2394,0.280656
39.2494,0.280771
39.2594,0.280885
39.2694,0.280999
39.2794,0.281113
39.2894,0.281227
39.2994,0.28134
39.3094,0.281453
39.3194,0.281566
39.3294,0.281678
39.3394,0.281791
39.3494,0.281903
39.3594,0.282015
39.3694,0.282126
39.3794,0.282237
39.3894,0.282348
39.3994,0.282459
39.4094,0.28257
39.4194,0.28268
39.4294,0.28279
39.4394,0.2829
39.4494,0.283009
39.4594,0.283118
39.4694,0.283227
39.4794,0.283336
39.4894,0.283445
39.4994,0.283553
39.5094,0.283661
39.5194,0.283769
39.5294,0.283876
39.5394,0.283983
39.5494,0.28409
39.5594,0.284197
39.5694,0.284304
39.5794,0.28441
39.5894,0.284516
39.5994,0.284622
39.6094,0.284727
39.6194,0.284833
39.6294,0.284938
39.6394,0.285042
39.6494,0.285147
39.6594,0.285251
39.6693,0.285355
39.6793,0.285459
39.6893,0.285563
39.6993,0.285666
39.7093,0.285769
39.7193,0.285872
39.7293,0.285975
39.7393,0.286077
39.7493,0.28618
39.7593,0.286281
39.7693,0.286383
39.7793,0.286485
39.7893,0.286586
39.7993,0.286687
39.8093,0.286788
39.8193,0.286888
39.8293,0.286989
39.8393,0.287089
39.8493,0.287189
39.8593,0.287288
39.8693,0.287388
39.8793,0.287487
39.8893,0.287586
39.8993,0.287685
39.9093,0.287783
39.9193,0.287881
39.9293,0.287979
39.9393,0.288077
39.9493,0.288175
39.9593,0.288272
39.9693,0.288369
39.9793,0.288466
39.9893,0.288563
39.9993,0.28866
40.0093,0.288756
40.0193,0.288852
40.0293,0.288948
40.0393,0.289043
40.0493,0.289139
40.0593,0.289234
40.0693,0.289329
40.0793,0.289424
40.0893,0.289518
40.0993,0.289613
40.1093,0.289707
40.1193,0.289801
40.1293,0.289894
40.1393,0.289988
40.1493,0.290081
40.1593,0.290174
40.1693,0.290267
40.1793,0.290359
40.1893,0.290452
40.1993,0.290544
40.2093,0.290636
40.2193,0.290728
40.2293,0.290819
40.2393,0.290911
40.2493,0.291002
40.2593,0.291093
40.2692,0.291183
40.2792,0.291274
40.2892,0.291364
40.2992,0.291454
40.3092,0.291544
40.3192,0.291634
40.3292,0.291723
40.3392,0.291813
40.3492,0.291902
40.3592,0.291991
40.3692,0.292079
40.3792,0.292168
40.3892,0.292256
40.3992,0.292344
40.4092,0.292432
40.4192,0.29252
40.4292,0.292607
40.4392,0.292695
40.4492,0.292782
40.4592,0.292869
40.4692,0.292955
40.4792,0.293042
40.4892,0.293128
40.4992,0.293214
40.5092,0.2933
40.5192,0.293386
40.5292,0.293471
40.5392,0.293557
40.5492,0.293642
40.5592,0.293727
40.5692,0.293812
40.5792,0.293896
40.5892,0.29398
40.5992,0.294065
40.6092,0.294149
40.6192,0.294232
40.6292,0.294316
40.6392,0.294399
40.6492,0.294483
40.6592,0.294566
40.6692,0.294649
40.6792,0.294731
40.6892,0.294814
40.6992,0.294896
40.7092,0.294978
40.7192,0.29506
40.7292,0.295142
40.7392,0.295223
40.7492,0.295305
40.7592,0.295386
40.7692,0.295467
40.7792,0.295548
40.7892,0.295628
40.7992,0.295709
40.8092,0.295789
40.8192,0.295869
40.8292,0.295949
40.8392,0.296029
40.8492,0.296108
40.8591,0.296188
40.8691,0.296267
40.8791,0.296346
40.8891,0.296425
40.8991,0.296503
40.9091,0.296582
40.9191,0.29666
40.9291,0.296738
40.9391,0.296816
40.9491,0.296894
40.9591,0.296971
40.9691,0.297049
40.9791,0.297126
40.9891,0.297203
40.9991,0.29728
41.0091,0.297357
41.0191,0.297433
41.0291,0.29751
41.0391,0.297586
41.0491,0.297662
41.0591,0.297738
41.0691,0.297813
41.0791,0.297889
41.0891,0.297964
41.0991,0.298039
41.1091,0.298114
41.1191,0.298189
41.1291,0.298264
41.1391,0.298339
41.1491,0.298413
41.1591,0.298487
41.1691,0.298561
41.1791,0.298635
41.1891,0.298709
41.1991,0.298782
41.2091,0.298855
41.2191,0.298929
41.2291,0.299002
41.2391,0.299074
41.2491,0.299147
41.2591,0.29922
41.2691,0.299292
41.2791,0.299364
41.2891,0.299436
41.2991,0.299508
41.3091,0.29958
41.3191,0.299651
41.3291,0.299723
41.3391,0.299794
41.3491,0.299865
41.3591,0.299936
41.3691,0.300007
41.3791,0.300077
41.3891,0.300148
41.3991,0.300218
41.4091,0.300288
41.4191,0.300358
41.4291,0.300428
41.4391,0.300497
41.4491,0.300567
41.459,0.300636
41.469,0.300705
41.479,0.300774
41.489,0.300843
41.499,0.300912
41.509,0.300981
41.519,0.301049
41.529,0.301117
41.539,0.301185
41.549,0.301253
41.559,0.301321
41.569,0.301389
41.579,0.301456
41.589,0.301524
41.599,0.301591
41.609,0.301658
41.619,0.301725
41.629,0.301792
41.639,0.301858
41.649,0.301925
41.659,0.301991
41.669,0.302057
41.679,0.302123
41.689,0.302189
41.699,0.302255
41.709,0.30232
41.719,0.302386
41.729,0.302451
41.739,0.302516
41.749,0.302581
41.759,0.302646
41.769,0.30271
41.779,0.302775
41.789,0.302839
41.799,0.302904
41.809,0.302968
41.819,0.303032
41.829,0.303095
41.839,0.303159
41.849,0.303223
41.859,0.303286
41.869,0.303349
41.879,0.303412
41.889,0.303475
41.899,0.303538
41.909,0.303601
41.919,0.303664
41.929,0.303726
41.939,0.303788
41.949,0.30385
41.959,0.303912
41.969,0.303974
41.979,0.304036
41.989,0.304098
41.999,0.304159
42.009,0.30422
42.019,0.304281
42.029,0.304342
42.039,0.304403
42.049,0.304464
42.0589,0.304525
42.0689,0.304585
42.0789,0.304646
42.0889,0.304706
42.0989,0.304766
42.1089,0.304826
42.1189,0.304886
42.1289,0.304945
42.1389,0.305005
42.1489,0.305064
42.1589,0.305124
42.1689,0.305183
42.1789,0.305242
42.1889,0.305301
42.1989,0.30536
42.2089,0.305418
42.2189,0.305477
42.2289,0.305535
42.2389,0.305593
42.2489,0.305651
42.2589,0.305709
42.2689,0.305767
42.2789,0.305825
42.2889,0.305883
42.2989,0.30594
42.3089,0.305997
42.3189,0.306055
42.3289,0.306112
42.3389,0.306169
42.3489,0.306226
42.3589,0.306282
42.3689,0.306339
42.3789,0.306395
42.3889,0.306452
42.3989,0.306508
42.4089,0.306564
42.4189,0.30662
42.4289,0.306676
42.4389,0.306732
42.4489,0.306787
42.4589,0.306843
42.4689,0.306898
42.4789,0.306953
42.4889,0.307008
42.4989,0.307063
42.5089,0.307118
42.5189,0.307173
42.5289,0.307228
42.5389,0.307282
42.5489,0.307336
42.5589,0.307391
42.5689,0.307445
42.5789,0.307499
42.5889,0.307553
42.5989,0.307606
42.6089,0.30766
42.6189,0.307714
42.6289,0.307767
42.6389,0.30782
42.6488,0.307874
42.6588,0.307927
42.6688,0.30798
42.6788,0.308032
42.6888,0.308085
42.6988,0.308138
42.7088,0.30819
42.7188,0.308243
42.7288,0.308295
42.7388,0.308347
42.7488,0.308399
42.7588,0.308451
42.7688,0.308503
42.7788,0.308554
42.7888,0.308606
42.7988,0.308657
42.8088,0.308709
42.8188,0.30876
42.8288,0.308811
42.8388,0.308862
42.8488,0.308913
42.8588,0.308964
42.8688,0.309014
42.8788,0.309065
42.8888,0.309115
42.8988,0.309166
42.9088,0.309216
42.9188,0.309266
42.9288,0.309316
42.9388,0.309366
42.9488,0.309416
42.9588,0.309465
42.9688,0.309515
42.9788,0.309564
42.9888,0.309614
42.9988,0.309663
43.0088,0.309712
43.0188,0.309761
43.0288,0.30981
43.0388,0.309859
43.0488,0.309907
43.0588,0.309956
43.0688,0.310004
43.0788,0.310053
43.0888,0.310101
43.0988,0.310149
43.1088,0.310197
43.1188,0.310245
43.1288,0.310293
43.1388,0.310341
43.1488,0.310388
43.1588,0.310436
43.1688,0.310483
43.1788,0.31053
43.1888,0.310578
43.1988,0.310625
43.2088,0.310672
43.2188,0.310719
43.2288,0.310765
43.2388,0.310812
43.2487,0.310859
43.2587,0.310905
43.2687,0.310952
43.2787,0.310998
43.2887,0.311044
43.2987,0.31109
43.3087,0.311136
43.3187,0.311182
43.3287,0.311228
43.3387,0.311273
43.3487,0.311319
43.3587,0.311364
43.3687,0.31141
43.3787,0.311455
43.3887,0.3115
43.3987,0.311545
43.4087,0.31159
43.4187,0.311635
43.4287,0.31168
43.4387,0.311725
43.4487,0.311769
43.4587,0.311814
43.4687,0.311858
43.4787,0.311902
43.4887,0.311946
43.4987,0.311991
43.5087,0.312035
43.5187,0.312078
43.5287,0.312122
43.5387,0.312166
43.5487,0.31221
43.5587,0.312253
43.5687,0.312296
43.5787,0.31234
43.5887,0.312383
43.5987,0.312426
43.6087,0.312469
43.6187,0.312512
43.6287,0.312555
43.6387,0.312598
43.6487,0.31264
43.6587,0.312683
43.6687,0.312725
43.6787,0.312768
43.6887,0.31281
43.6987,0.312852
43.7087,0.312894
43.7187,0.312936
43.7287,0.312978
43.7387,0.31302
43.7487,0.313062
43.7587,0.313103
43.7687,0.313145
43.7787,0.313186
43.7887,0.313228
43.7987,0.313269
43.8087,0.31331
43.8187,0.313351
43.8287,0.313392
43.8386,0.313433
43.8486,0.313474
43.8586,0.313515
43.8686,0.313556
43.8786,0.313596
43.8886,0.313637
43.8986,0.313677
43.9086,0.313717
43.9186,0.313757
43.9286,0.313798
43.9386,0.313838
43.9486,0.313878
43.9586,0.313917
43.9686,0.313957
43.9786,0.313997
43.9886,0.314036
43.9986,0.314076
44.0086,0.314115
44.0186,0.314155
44.0286,0.314194
44.0386,0.314233
44.0486,0.314272
44.0586,0.314311
44.0686,0.31435
44.0786,0.314389
44.0886,0.314428
44.0986,0.314466
44.1086,0.314505
44.1186,0.314543
44.1286,0.314582
44.1386,0.31462
44.1486,0.314658
44.1586,0.314697
44.1686,0.314735
44.1786,0.314773
44.1886,0.31481
44.1986,0.314848
44.2086,0.314886
44.2186,0.314924
44.2286,0.314961
44.2386,0.314999
44.2486,0.315036
44.2586,0.315073
44.2686,0.315111
44.2786,0.315148
44.2886,0.315185
44.2986,0.315222
44.3086,0.315259
44.3186,0.315296
44.3286,0.315332
44.3386,0.315369
44.3486,0.315406
44.3586,0.315442
44.3686,0.315479
44.3786,0.315515
44.3886,0.315551
44.3986,0.315588
44.4086,0.315624
44.4186,0.31566
44.4286,0.315696
44.4385,0.315732
44.4485,0.315767
44.4585,0.315803
44.4685,0.315839
44.4785,0.315874
44.4885,0.31591
44.4985,0.315945
44.5085,0.315981
44.5185,0.316016
44.5285,0.316051
44.5385,0.316086
44.5485,0.316121
44.5585,0.316156
44.5685,0.316191
44.5785,0.316226
44.5885,0.316261
44.5985,0.316295
44.6085,0.31633
44.6185,0.316364
44.6285,0.316399
44.6385,0.316433
44.6485,0.316467
44.6585,0.316502
44.6685,0.316536
44.6785,0.31657
44.6885,0.316604
44.6985,0.316638
44.7085,0.316671
44.7185,0.316705
44.7285,0.316739
44.7385,0.316773
44.7485,0.316806
44.7585,0.31684
44.7685,0.316873
44.7785,0.316906
44.7885,0.31694
44.7985,0.316973
44.8085,0.317006
44.8185,0.317039
44.8285,0.317072
44.8385,0.317105
44.8485,0.317138
44.8585,0.31717
44.8685,0.317203
44.8785,0.317236
44.8885,0.317268
44.8985,0.317301
44.9085,0.317333
44.9185,0.317365
44.9285,0.317398
44.9385,0.31743
44.9485,0.317462
44.9585,0.317494
44.9685,0.317526
44.9785,0.317558
44.9885,0.31759
44.9985,0.317621
45.0085,0.317653
45.0185,0.317685
45.0285,0.317716
45.0384,0.317748
45.0484,0.317779
45.0584,0.317811
45.0684,0.317842
45.0784,0.317873
45.0884,0.317904
45.0984,0.317935
45.1084,0.317966
45.1184,0.317997
45.1284,0.318028
45.1384,0.318059
45.1484,0.31809
45.1584,0.31812
45.1684,0.318151
45.1784,0.318181
45.1884,0.318212
45.1984,0.318242
45.2084,0.318273
45.2184,0.318303
45.2284,0.318333
45.2384,0.318363
45.2484,0.318393
45.2584,0.318423
45.2684,0.318453
45.2784,0.318483
45.2884,0.318513
45.2984,0.318543
45.3084,0.318573
45.3184,0.318602
45.3284,0.318632
45.3384,0.318661
45.3484,0.318691
45.3584,0.31872
45.3684,0.318749
45.3784,0.318779
45.3884,0.318808
45.3984,0.318837
45.4084,0.318866
45.4184,0.318895
45.4284,0.318924
45.4384,0.318953
45.4484,0.318982
45.4584,0.31901
45.4684,0.319039
45.4784,0.319068
45.4884,0.319096
45.4984,0.319125
45.5084,0.319153
45.5184,0.319181
45.5284,0.31921
45.5384,0.319238
45.5484,0.319266
45.5584,0.319294
45.5684,0.319322
45.5784,0.31935
45.5884,0.319378
45.5984,0.319406
45.6084,0.319434
45.6184,0.319462
45.6283,0.31949
45.6383,0.319517
45.6483,0.319545
45.6583,0.319572
45.6683,0.3196
45.6783,0.319627
45.6883,0.319655
45.6983,0.319682
45.7083,0.319709
45.7183,0.319736
45.7283,0.319763
45.7383,0.319791
45.7483,0.319818
45.7583,0.319844
45.7683,0.319871
45.7783,0.319898
45.7883,0.319925
45.7983,0.319952
45.8083,0.319978
45.8183,0.320005
45.8283,0.320031
45.8383,0.320058
45.8483,0.320084
45.8583,0.320111
45.8683,0.320137
45.8783,0.320163
45.8883,0.320189
45.8983,0.320215
45.9083,0.320242
45.9183,0.320268
45.9283,0.320294
45.9383,0.320319
45.9483,0.320345
45.9583,0.320371
45.9683,0.320397
45.9783,0.320422
45.9883,0.320448
45.9983,0.320474
46.0083,0.320499
46.0183,0.320525
46.0283,0.32055
46.0383,0.320575
46.0483,0.320601
46.0583,0.320626
46.0683,0.320651
46.0783,0.320676
46.0883,0.320701
46.0983,0.320726
46.1083,0.320751
46.1183,0.320776
46.1283,0.320801
46.1383,0.320826
46.1483,0.320851
46.1583,0.320875
46.1683,0.3209
46.1783,0.320925
46.1883,0.320949
46.1983,0.320974
46.2083,0.320998
46.2183,0.321022
46.2282,0.321047
46.2382,0.321071
46.2482,0.321095
46.2582,0.321119
46.2682,0.321144
46.2782,0.321168
46.2882,0.321192
46.2982,0.321216
46.3082,0.32124
46.3182,0.321263
46.3282,0.321287
46.3382,0.321311
46.3482,0.321335
46.3582,0.321358
46.3682,0.321382
46.3782,0.321405
46.3882,0.321429
46.3982,0.321452
46.4082,0.321476
46.4182,0.321499
46.4282,0.321522
46.4382,0.321546
46.4482,0.321569
46.4582,0.321592
46.4682,0.321615
46.4782,0.321638
46.4882,0.321661
46.4982,0.321684
46.5082,0.321707
46.5182,0.32173
46.5282,0.321753
46.5382,0.321775
46.5482,0.321798
46.5582,0.321821
46.5682,0.321843
46.5782,0.321866
46.5882,0.321888
46.5982,0.321911
46.6082,0.321933
46.6182,0.321956
46.6282,0.321978
46.6382,0.322
46.6482,0.322022
46.6582,0.322045
46.6682,0.322067
46.6782,0.322089
46.6882,0.322111
46.6982,0.322133
46.7082,0.322155
46.7182,0.322177
46.7282,0.322199
46.7382,0.32222
46.7482,0.322242
46.7582,0.322264
46.7682,0.322285
46.7782,0.322307
46.7882,0.322329
46.7982,0.32235
46.8082,0.322372
46.8181,0.322393
46.8281,0.322414
46.8381,0.322436
46.8481,0.322457
46.8581,0.322478
46.8681,0.322499
46.8781,0.322521
46.8881,0.322542
46.8981,0.322563
46.9081,0.322584
46.9181,0.322605
46.9281,0.322626
46.9381,0.322646
46.9481,0.322667
46.9581,0.322688
46.9681,0.322709
46.9781,0.322729
46.9881,0.32275
46.9981,0.322771
47.0081,0.322791
47.0181,0.322812
47.0281,0.322832
47.0381,0.322853
47.0481,0.322873
47.0581,0.322893
47.0681,0.322914
47.0781,0.322934
47.0881,0.322954
47.0981,0.322974
47.1081,0.322995
47.1181,0.323015
47.1281,0.323035
47.1381,0.323055
47.1481,0.323075
47.1581,0.323094
47.1681,0.323114
47.1781,0.323134
47.1881,0.323154
47.1981,0.323174
47.2081,0.323193
47.2181,0.323213
47.2281,0.323233
47.2381,0.323252
47.2481,0.323272
47.2581,0.323291
47.2681,0.323311
47.2781,0.32333
47.2881,0.323349
47.2981,0.323369
47.3081,0.323388
47.3181,0.323407
47.3281,0.323426
47.3381,0.323446
47.3481,0.323465
47.3581,0.323484
47.3681,0.323503
47.3781,0.323522
47.3881,0.323541
47.3981,0.32356
47.4081,0.323578
47.418,0.323597
47.428,0.323616
47.438,0.323635
47.448,0.323654
47.458,0.323672
47.468,0.323691
47.478,0.323709
47.488,0.323728
47.498,0.323746
47.508,0.323765
47.518,0.323783
47.528,0.323802
47.538,0.32382
47.548,0.323838
47.558,0.323857
47.568,0.323875
47.578,0.323893
47.588,0.323911
47.598,0.323929
47.608,0.323947
47.618,0.323965
47.628,0.323983
47.638,0.324001
47.648,0.324019
47.658,0.324037
47.668,0.324055
47.678,0.324073
47.688,0.324091
47.698,0.324108
47.708,0.324126
47.718,0.324144
47.728,0.324161
47.738,0.324179
47.748,0.324196
47.758,0.324214
47.768,0.324231
47.778,0.324249
47.788,0.324266
47.798,0.324283
47.808,0.324301
47.818,0.324318
47.828,0.324335
47.838,0.324352
47.848,0.32437
47.858,0.324387
47.868,0.324404
47.878,0.324421
47.888,0.324438
47.898,0.324455
47.908,0.324472
47.918,0.324489
47.928,0.324506
47.938,0.324522
47.948,0.324539
47.958,0.324556
47.968,0.324573
47.978,0.324589
47.988,0.324606
47.998,0.324623
48.0079,0.324639
48.0179,0.324656
48.0279,0.324672
48.0379,0.324689
48.0479,0.324705
48.0579,0.324722
48.0679,0.324738
48.0779,0.324754
48.0879,0.324771
48.0979,0.324787
48.1079,0.324803
48.1179,0.324819
48.1279,0.324836
48.1379,0.324852
48.1479,0.324868
48.1579,0.324884
48.1679,0.3249
48.1779,0.324916
48.1879,0.324932
48.1979,0.324948
48.2079,0.324964
48.2179,0.324979
48.2279,0.324995
48.2379,0.325011
48.2479,0.325027
48.2579,0.325043
48.2679,0.325058
48.2779,0.325074
48.2879,0.325089
48.2979,0.325105
48.3079,0.325121
48.3179,0.325136
48.3279,0.325152
48.3379,0.325167
48.3479,0.325182
48.3579,0.325198
48.3679,0.325213
48.3779,0.325229
48.3879,0.325244
48.3979,0.325259
48.4079,0.325274
48.4179,0.325289
48.4279,0.325305
48.4379,0.32532
48.4479,0.325335
48.4579,0.32535
48.4679,0.325365
48.4779,0.32538
48.4879,0.325395
48.4979,0.32541
48.5079,0.325425
48.5179,0.32544
48.5279,0.325454
48.5379,0.325469
48.5479,0.325484
48.5579,0.325499
48.5679,0.325513
48.5779,0.325528
48.5879,0.325543
48.5979,0.325557
48.6078,0.325572
48.6178,0.325586
48.6278,0.325601
48.6378,0.325615
48.6478,0.32563
48.6578,0.325644
48.6678,0.325659
48.6778,0.325673
48.6878,0.325687
48.6978,0.325702
48.7078,0.325716
48.7178,0.32573
48.7278,0.325744
48.7378,0.325759
48.7478,0.325773
48.7578,0.325787
48.7678,0.325801
48.7778,0.325815
48.7878,0.325829
48.7978,0.325843
48.8078,0.325857
48.8178,0.325871
48.8278,0.325885
48.8378,0.325899
48.8478,0.325913
48.8578,0.325927
48.8678,0.32594
48.8778,0.325954
48.8878,0.325968
48.8978,0.325982
48.9078,0.325995
48.9178,0.326009
48.9278,0.326023
48.9378,0.326036
48.9478,0.32605
48.9578,0.326063
48.9678,0.326077
48.9778,0.32609
48.9878,0.326104
48.9978,0.326117
49.0078,0.32613
49.0178,0.326144
49.0278,0.326157
49.0378,0.32617
49.0478,0.326184
49.0578,0.326197
49.0678,0.32621
49.0778,0.326223
49.0878,0.326236
49.0978,0.32625
49.1078,0.326263
49.1178,0.326276
49.1278,0.326289
49.1378,0.326302
49.1478,0.326315
49.1578,0.326328
49.1678,0.326341
49.1778,0.326354
49.1878,0.326366
49.1978,0.326379
49.2077,0.326392
49.2177,0.326405
49.2277,0.326418
49.2377,0.32643
49.2477,0.326443
49.2577,0.326456
49.2677,0.326469
49.2777,0.326481
49.2877,0.326494
49.2977,0.326506
49.3077,0.326519
49.3177,0.326531
49.3277,0.326544
49.3377,0.326556
49.3477,0.326569
49.3577,0.326581
49.3677,0.326594
49.3777,0.326606
49.3877,0.326618
49.3977,0.326631
49.4077,0.326643
49.4177,0.326655
49.4277,0.326667
49.4377,0.32668
49.4477,0.326692
49.4577,0.326704
49.4677,0.326716
49.4777,0.326728
49.4877,0.32674
49.4977,0.326752
49.5077,0.326764
49.5177,0.326776
49.5277,0.326788
49.5377,0.3268
49.5477,0.326812
49.5577,0.326824
49.5677,0.326836
49.5777,0.326848
49.5877,0.32686
49.5977,0.326871
49.6077,0.326883
49.6177,0.326895
49.6277,0.326907
49.6377,0.326918
49.6477,0.32693
49.6577,0.326942
49.6677,0.326953
49.6777,0.326965
49.6877,0.326977
49.6977,0.326988
49.7077,0.327
49.7177,0.327011
49.7277,0.327023
49.7377,0.327034
49.7477,0.327045
49.7577,0.327057
49.7677,0.327068
49.7777,0.32708
49.7877,0.327091
49.7976,0.327102
49.8076,0.327114
49.8176,0.327125
49.8276,0.327136
49.8376,0.327147
49.8476,0.327158
49.8576,0.32717
49.8676,0.327181
49.8776,0.327192
49.8876,0.327203
49.8976,0.327214
49.9076,0.327225
49.9176,0.327236
49.9276,0.327247
49.9376,0.327258
49.9476,0.327269
49.9576,0.32728
49.9676,0.327291
49.9776,0.327302
49.9876,0.327313
49.9976,0.327323
